,extracted_name,refine_flag,region,trial_num
0,王建平,False,1,0
1,李俊毅,False,0,0
2,李俊毅,False,0,0
3,李俊毅,False,0,0
4,李俊毅,False,0,0
5,蔡承翰,False,0,0
6,李俊毅,False,0,0
7,李俊毅,False,0,0
8,林雅婷,False,0,0
9,李俊毅,False,0,0
10,林雅婷,False,0,0
11,李俊毅,False,0,0
12,蔡承翰,False,0,0
13,李俊毅,False,0,0
14,李俊毅,False,0,0
15,李俊毅,False,0,0
16,李俊毅,False,0,0
17,李俊毅,False,0,0
18,王建平,False,1,0
19,陳美惠,False,0,0
20,王建平,False,1,0
21,李俊毅,False,0,0
22,林雅婷,False,0,0
23,李俊毅,False,0,0
24,李俊毅,False,0,0
25,李俊毅,False,0,0
26,李俊毅,False,0,0
27,李兰英,False,1,0
28,李俊毅,False,0,0
29,李俊毅,False,0,0
30,王建平,False,1,0
31,林雅婷,False,0,0
32,蔡承翰,False,0,0
33,王海燕,False,1,0
34,李俊毅,False,0,0
35,,True,-1,0
36,李俊毅,False,0,0
37,李俊毅,False,0,0
38,李俊毅,False,0,0
39,李俊毅,False,0,0
40,王海燕,False,1,0
41,李俊毅,False,0,0
42,李俊毅,False,0,0
43,李兰英,False,1,0
44,李俊毅,False,0,0
45,李俊毅,False,0,0
46,李俊毅,False,0,0
47,蔡承翰,False,0,0
48,李俊毅,False,0,0
49,林雅婷,False,0,0
50,王建平,False,1,0
51,林雅婷,False,0,0
52,李俊毅,False,0,0
53,李俊毅,False,0,0
54,李俊毅,False,0,0
55,李俊毅,False,0,0
56,李俊毅,False,0,0
57,李俊毅,False,0,0
58,李俊毅,False,0,0
59,李俊毅,False,0,0
60,李俊毅,False,0,0
61,李俊毅,False,0,0
62,李俊毅,False,0,0
63,李俊毅,False,0,0
64,李俊毅,False,0,0
65,李俊毅,False,0,0
66,蔡承翰,False,0,0
67,李俊毅,False,0,0
68,李俊毅,False,0,0
69,陳美惠,False,0,0
70,李俊毅,False,0,0
71,李俊毅,False,0,0
72,李俊毅,False,0,0
73,王建平,False,1,0
74,陳美惠,False,0,0
75,李俊毅,False,0,0
76,李俊毅,False,0,0
77,王建平,False,1,0
78,,True,-1,0
79,李俊毅,False,0,0
80,王海燕,False,1,0
81,李俊毅,False,0,0
82,李兰英,False,1,0
83,蔡承翰,False,0,0
84,李淑英,False,1,0
85,李俊毅,False,0,0
86,李俊毅,False,0,0
87,李俊毅,False,0,0
88,林雅婷,False,0,0
89,李俊毅,False,0,0
90,蔡承翰,False,0,0
91,李俊毅,False,0,0
92,李兰英,False,1,0
93,蔡承翰,False,0,0
94,李俊毅,False,0,0
95,李俊毅,False,0,0
96,李俊毅,False,0,0
97,李兰英,False,1,0
98,李俊毅,False,0,0
99,李淑英,False,1,0
100,李俊毅,False,0,0
101,李俊毅,False,0,0
102,李俊毅,False,0,0
103,李俊毅,False,0,0
104,李俊毅,False,0,0
105,李俊毅,False,0,0
106,林秀美,False,0,0
107,李俊毅,False,0,0
108,李淑英,False,1,0
109,李俊毅,False,0,0
110,王建平,False,1,0
111,陳文雄,False,0,0
112,王海燕,False,1,0
113,王建平,False,1,0
114,王建平,False,1,0
115,李俊毅,False,0,0
116,李俊毅,False,0,0
117,王建平,False,1,0
118,李俊毅,False,0,0
119,李俊毅,False,0,0
120,李兰英,False,1,0
121,李俊毅,False,0,0
122,李俊毅,False,0,0
123,李俊毅,False,0,0
124,李俊毅,False,0,0
125,李俊毅,False,0,0
126,李淑英,False,1,0
127,李俊毅,False,0,0
128,李俊毅,False,0,0
129,李俊毅,False,0,0
130,李俊毅,False,0,0
131,李俊毅,False,0,0
132,李淑英,False,1,0
133,,True,-1,0
134,李俊毅,False,0,0
135,李俊毅,False,0,0
136,李淑英,False,1,0
137,李俊毅,False,0,0
138,陳美惠,False,0,0
139,李俊毅,False,0,0
140,李淑英,False,1,0
141,李俊毅,False,0,0
142,李俊毅,False,0,0
143,李俊毅,False,0,0
144,陳美惠,False,0,0
145,李俊毅,False,0,0
146,李俊毅,False,0,0
147,李俊毅,False,0,0
148,李淑英,False,1,0
149,李俊毅,False,0,0
150,李俊毅,False,0,0
151,李俊毅,False,0,0
152,蔡承翰,False,0,0
153,李俊毅,False,0,0
154,李俊毅,False,0,0
155,李俊毅,False,0,0
156,李俊毅,False,0,0
157,蔡承翰,False,0,0
158,李俊毅,False,0,0
159,李俊毅,False,0,0
160,李俊毅,False,0,0
161,李俊毅,False,0,0
162,林雅婷,False,0,0
163,李俊毅,False,0,0
164,王建平,False,1,0
165,陳文雄,False,0,0
166,李俊毅,False,0,0
167,李俊毅,False,0,0
168,李俊毅,False,0,0
169,陳美惠,False,0,0
170,李俊毅,False,0,0
171,李俊毅,False,0,0
172,李俊毅,False,0,0
173,王建平,False,1,0
174,王建平,False,1,0
175,王海燕,False,1,0
176,李俊毅,False,0,0
177,李俊毅,False,0,0
178,李俊毅,False,0,0
179,陳美惠,False,0,0
180,李桂荣,False,1,1
181,李丹丹,False,1,1
182,李丹丹,False,1,1
183,陳俊豪,False,0,1
184,李丹丹,False,1,1
185,李丹丹,False,1,1
186,林哲宇,False,0,1
187,李桂荣,False,1,1
188,林哲宇,False,0,1
189,李桂荣,False,1,1
190,李桂荣,False,1,1
191,陳俊豪,False,0,1
192,陳俊豪,False,0,1
193,李丹丹,False,1,1
194,李桂荣,False,1,1
195,陳俊豪,False,0,1
196,林哲宇,False,0,1
197,李桂荣,False,1,1
198,李丹丹,False,1,1
199,李桂荣,False,1,1
200,李丹丹,False,1,1
201,李桂荣,False,1,1
202,李淑华,False,1,1
203,李丹丹,False,1,1
204,李淑华,False,1,1
205,李桂荣,False,1,1
206,李淑华,False,1,1
207,李桂荣,False,1,1
208,李丹丹,False,1,1
209,陳俊豪,False,0,1
210,陳俊豪,False,0,1
211,李桂荣,False,1,1
212,李桂荣,False,1,1
213,李桂荣,False,1,1
214,李桂荣,False,1,1
215,李桂荣,False,1,1
216,李桂荣,False,1,1
217,李淑华,False,1,1
218,陳俊豪,False,0,1
219,李桂荣,False,1,1
220,陳柏翰,False,0,1
221,李桂荣,False,1,1
222,李淑华,False,1,1
223,林哲宇,False,0,1
224,李桂荣,False,1,1
225,李桂荣,False,1,1
226,李丹丹,False,1,1
227,李桂荣,False,1,1
228,李丹丹,False,1,1
229,林哲宇,False,0,1
230,杨秀珍,False,1,1
231,林哲宇,False,0,1
232,李桂荣,False,1,1
233,李丹丹,False,1,1
234,林哲宇,False,0,1
235,李桂荣,False,1,1
236,李桂荣,False,1,1
237,陳俊豪,False,0,1
238,林哲宇,False,0,1
239,陳俊豪,False,0,1
240,李丹丹,False,1,1
241,陳俊豪,False,0,1
242,李桂荣,False,1,1
243,陳俊豪,False,0,1
244,李桂荣,False,1,1
245,陳俊豪,False,0,1
246,林哲宇,False,0,1
247,李淑华,False,1,1
248,李桂荣,False,1,1
249,李桂荣,False,1,1
250,李丹丹,False,1,1
251,李丹丹,False,1,1
252,李淑华,False,1,1
253,李桂荣,False,1,1
254,李丹丹,False,1,1
255,李淑华,False,1,1
256,李桂荣,False,1,1
257,李桂荣,False,1,1
258,陳柏翰,False,0,1
259,林哲宇,False,0,1
260,李丹丹,False,1,1
261,李桂荣,False,1,1
262,陳俊豪,False,0,1
263,李丹丹,False,1,1
264,陳俊豪,False,0,1
265,李桂荣,False,1,1
266,李桂荣,False,1,1
267,陳俊豪,False,0,1
268,李丹丹,False,1,1
269,林哲宇,False,0,1
270,李丹丹,False,1,1
271,李丹丹,False,1,1
272,林哲宇,False,0,1
273,李丹丹,False,1,1
274,李淑华,False,1,1
275,李淑华,False,1,1
276,李桂荣,False,1,1
277,李桂荣,False,1,1
278,陳俊豪,False,0,1
279,李淑华,False,1,1
280,李桂荣,False,1,1
281,林哲宇,False,0,1
282,李淑华,False,1,1
283,李淑华,False,1,1
284,李淑华,False,1,1
285,李丹丹,False,1,1
286,李桂荣,False,1,1
287,李淑华,False,1,1
288,李桂荣,False,1,1
289,李丹丹,False,1,1
290,陳俊豪,False,0,1
291,陳柏翰,False,0,1
292,李丹丹,False,1,1
293,李桂荣,False,1,1
294,李桂荣,False,1,1
295,李丹丹,False,1,1
296,陳淑美,False,0,1
297,陳柏翰,False,0,1
298,李桂荣,False,1,1
299,陳俊豪,False,0,1
300,李丹丹,False,1,1
301,李丹丹,False,1,1
302,李淑华,False,1,1
303,李桂荣,False,1,1
304,陳俊豪,False,0,1
305,林哲宇,False,0,1
306,陳俊豪,False,0,1
307,李桂荣,False,1,1
308,李丹丹,False,1,1
309,李淑华,False,1,1
310,李桂荣,False,1,1
311,李丹丹,False,1,1
312,李丹丹,False,1,1
313,李桂荣,False,1,1
314,李桂荣,False,1,1
315,李丹丹,False,1,1
316,李桂荣,False,1,1
317,李桂荣,False,1,1
318,李丹丹,False,1,1
319,李桂荣,False,1,1
320,陳俊豪,False,0,1
321,林哲宇,False,0,1
322,李淑华,False,1,1
323,林哲宇,False,0,1
324,林哲宇,False,0,1
325,陳淑美,False,0,1
326,李淑华,False,1,1
327,李丹丹,False,1,1
328,李丹丹,False,1,1
329,李桂荣,False,1,1
330,李丹丹,False,1,1
331,李淑华,False,1,1
332,李桂荣,False,1,1
333,李丹丹,False,1,1
334,李桂荣,False,1,1
335,林哲宇,False,0,1
336,李桂荣,False,1,1
337,陳俊豪,False,0,1
338,李丹丹,False,1,1
339,李丹丹,False,1,1
340,李丹丹,False,1,1
341,李桂荣,False,1,1
342,李丹丹,False,1,1
343,陳俊豪,False,0,1
344,李丹丹,False,1,1
345,李桂荣,False,1,1
346,李淑华,False,1,1
347,陳俊豪,False,0,1
348,李丹丹,False,1,1
349,陳柏翰,False,0,1
350,李丹丹,False,1,1
351,李桂荣,False,1,1
352,李桂荣,False,1,1
353,陳淑美,False,0,1
354,李桂荣,False,1,1
355,林哲宇,False,0,1
356,李桂荣,False,1,1
357,陳俊豪,False,0,1
358,李桂荣,False,1,1
359,陳俊豪,False,0,1
360,李建华,False,1,2
361,李建华,False,1,2
362,李建興,False,0,2
363,李秀荣,False,1,2
364,李建华,False,1,2
365,李秀荣,False,1,2
366,李建华,False,1,2
367,李建興,False,0,2
368,李秀英,False,1,2
369,李秀荣,False,1,2
370,李建华,False,1,2
371,李秀荣,False,1,2
372,李建华,False,1,2
373,李建华,False,1,2
374,李建興,False,0,2
375,李建华,False,1,2
376,李建华,False,1,2
377,李建华,False,1,2
378,李建华,False,1,2
379,李建华,False,1,2
380,李建华,False,1,2
381,李建华,False,1,2
382,李建华,False,1,2
383,李建興,False,0,2
384,李建华,False,1,2
385,李建興,False,0,2
386,李建华,False,1,2
387,李建华,False,1,2
388,李建興,False,0,2
389,李建興,False,0,2
390,李秀荣,False,1,2
391,李建华,False,1,2
392,李建华,False,1,2
393,李建興,False,0,2
394,李建华,False,1,2
395,李秀荣,False,1,2
396,李建华,False,1,2
397,李秀英,False,1,2
398,李秀荣,False,1,2
399,李建华,False,1,2
400,李建华,False,1,2
401,李建华,False,1,2
402,李建华,False,1,2
403,李建興,False,0,2
404,李建华,False,1,2
405,李建興,False,0,2
406,李秀荣,False,1,2
407,李秀荣,False,1,2
408,李建华,False,1,2
409,李建興,False,0,2
410,李秀英,False,1,2
411,李秀英,False,1,2
412,李秀荣,False,1,2
413,李建华,False,1,2
414,李秀英,False,1,2
415,李建华,False,1,2
416,李建興,False,0,2
417,李建興,False,0,2
418,李建华,False,1,2
419,李建华,False,1,2
420,李建华,False,1,2
421,李建興,False,0,2
422,李建興,False,0,2
423,李秀英,False,1,2
424,陳俊宇,False,0,2
425,李建华,False,1,2
426,李秀荣,False,1,2
427,李建华,False,1,2
428,李秀荣,False,1,2
429,李秀荣,False,1,2
430,李建興,False,0,2
431,李建興,False,0,2
432,李建华,False,1,2
433,李建华,False,1,2
434,李建华,False,1,2
435,李建华,False,1,2
436,李秀荣,False,1,2
437,李秀荣,False,1,2
438,李建興,False,0,2
439,李建华,False,1,2
440,李建华,False,1,2
441,李建興,False,0,2
442,李建興,False,0,2
443,李建興,False,0,2
444,李建興,False,0,2
445,李建興,False,0,2
446,李建興,False,0,2
447,李建興,False,0,2
448,李秀荣,False,1,2
449,李建华,False,1,2
450,李建华,False,1,2
451,李建华,False,1,2
452,李建興,False,0,2
453,李建华,False,1,2
454,李建华,False,1,2
455,李建興,False,0,2
456,李建华,False,1,2
457,李建興,False,0,2
458,李建興,False,0,2
459,李建华,False,1,2
460,李建興,False,0,2
461,李建興,False,0,2
462,李建华,False,1,2
463,李秀荣,False,1,2
464,李建华,False,1,2
465,李建华,False,1,2
466,李秀荣,False,1,2
467,李秀荣,False,1,2
468,李秀荣,False,1,2
469,李建华,False,1,2
470,李建興,False,0,2
471,李建华,False,1,2
472,李建华,False,1,2
473,李秀英,False,1,2
474,李建华,False,1,2
475,李建华,False,1,2
476,李秀荣,False,1,2
477,李建华,False,1,2
478,陳麗華,False,0,2
479,李建興,False,0,2
480,李建华,False,1,2
481,陳淑美,False,0,2
482,李建興,False,0,2
483,李建华,False,1,2
484,李建华,False,1,2
485,李建興,False,0,2
486,李建興,False,0,2
487,李秀荣,False,1,2
488,李建华,False,1,2
489,李秀荣,False,1,2
490,李建华,False,1,2
491,陳俊廷,False,0,2
492,李建興,False,0,2
493,李建华,False,1,2
494,李建华,False,1,2
495,李秀英,False,1,2
496,李秀荣,False,1,2
497,李秀英,False,1,2
498,李建興,False,0,2
499,李建华,False,1,2
500,李建興,False,0,2
501,李建华,False,1,2
502,李建興,False,0,2
503,李建興,False,0,2
504,李秀英,False,1,2
505,李秀荣,False,1,2
506,李建华,False,1,2
507,李秀荣,False,1,2
508,李建興,False,0,2
509,李秀英,False,1,2
510,李建华,False,1,2
511,李建华,False,1,2
512,李秀荣,False,1,2
513,李秀英,False,1,2
514,李秀荣,False,1,2
515,陳俊廷,False,0,2
516,李建华,False,1,2
517,李秀荣,False,1,2
518,李秀英,False,1,2
519,李秀荣,False,1,2
520,李建興,False,0,2
521,李秀英,False,1,2
522,李建华,False,1,2
523,李建华,False,1,2
524,李建興,False,0,2
525,李建华,False,1,2
526,李建興,False,0,2
527,李建华,False,1,2
528,李建华,False,1,2
529,李建华,False,1,2
530,李建興,False,0,2
531,李建興,False,0,2
532,李建华,False,1,2
533,李建興,False,0,2
534,李建興,False,0,2
535,李建興,False,0,2
536,李建华,False,1,2
537,陳俊廷,False,0,2
538,李秀荣,False,1,2
539,李建华,False,1,2
540,林秀美,False,0,3
541,林秀美,False,0,3
542,林秀美,False,0,3
543,林冠宏,False,0,3
544,林冠宏,False,0,3
545,林秀美,False,0,3
546,林秀美,False,0,3
547,林秀美,False,0,3
548,林秀美,False,0,3
549,林秀玲,False,0,3
550,林秀美,False,0,3
551,林秀美,False,0,3
552,林建成,False,0,3
553,林秀美,False,0,3
554,林冠宏,False,0,3
555,林秀美,False,0,3
556,林秀美,False,0,3
557,林秀美,False,0,3
558,林冠宏,False,0,3
559,林秀美,False,0,3
560,林冠廷,False,0,3
561,林秀美,False,0,3
562,林秀美,False,0,3
563,林秀美,False,0,3
564,林秀美,False,0,3
565,林秀玲,False,0,3
566,林秀美,False,0,3
567,林秀美,False,0,3
568,林秀美,False,0,3
569,林秀美,False,0,3
570,林秀美,False,0,3
571,林秀美,False,0,3
572,林建成,False,0,3
573,林秀美,False,0,3
574,林建成,False,0,3
575,林建成,False,0,3
576,林秀美,False,0,3
577,林秀美,False,0,3
578,林秀美,False,0,3
579,林秀美,False,0,3
580,林秀美,False,0,3
581,林冠宏,False,0,3
582,林建成,False,0,3
583,林秀美,False,0,3
584,林秀美,False,0,3
585,林秀美,False,0,3
586,林秀美,False,0,3
587,林建成,False,0,3
588,林秀美,False,0,3
589,林秀美,False,0,3
590,林秀美,False,0,3
591,林秀美,False,0,3
592,林秀琴,False,0,3
593,林秀美,False,0,3
594,林秀美,False,0,3
595,林秀美,False,0,3
596,林秀美,False,0,3
597,林秀美,False,0,3
598,林秀美,False,0,3
599,林秀美,False,0,3
600,林秀美,False,0,3
601,林建成,False,0,3
602,林秀美,False,0,3
603,林秀美,False,0,3
604,林建成,False,0,3
605,林秀美,False,0,3
606,林秀美,False,0,3
607,林秀美,False,0,3
608,林秀琴,False,0,3
609,林秀美,False,0,3
610,林秀美,False,0,3
611,林秀美,False,0,3
612,林秀美,False,0,3
613,林秀美,False,0,3
614,林冠廷,False,0,3
615,林建成,False,0,3
616,林秀美,False,0,3
617,林秀美,False,0,3
618,林秀美,False,0,3
619,林秀琴,False,0,3
620,林秀美,False,0,3
621,林秀美,False,0,3
622,林秀美,False,0,3
623,林秀美,False,0,3
624,林秀美,False,0,3
625,林秀美,False,0,3
626,林建成,False,0,3
627,林秀美,False,0,3
628,林秀美,False,0,3
629,林秀美,False,0,3
630,林秀美,False,0,3
631,林秀美,False,0,3
632,林冠宏,False,0,3
633,林冠宏,False,0,3
634,林建成,False,0,3
635,林秀美,False,0,3
636,林秀美,False,0,3
637,林秀美,False,0,3
638,林秀琴,False,0,3
639,林秀美,False,0,3
640,林秀琴,False,0,3
641,林冠宏,False,0,3
642,林秀美,False,0,3
643,林秀美,False,0,3
644,林秀美,False,0,3
645,林秀美,False,0,3
646,林冠宏,False,0,3
647,林秀美,False,0,3
648,林秀美,False,0,3
649,林秀美,False,0,3
650,林秀美,False,0,3
651,林秀美,False,0,3
652,林建成,False,0,3
653,林秀美,False,0,3
654,林秀美,False,0,3
655,林冠廷,False,0,3
656,林秀美,False,0,3
657,林秀美,False,0,3
658,林秀美,False,0,3
659,林秀美,False,0,3
660,林秀美,False,0,3
661,林建成,False,0,3
662,林秀琴,False,0,3
663,林秀美,False,0,3
664,林秀美,False,0,3
665,林冠宏,False,0,3
666,林秀美,False,0,3
667,林秀美,False,0,3
668,林秀美,False,0,3
669,林秀美,False,0,3
670,林秀美,False,0,3
671,林秀美,False,0,3
672,林秀美,False,0,3
673,林秀美,False,0,3
674,林建成,False,0,3
675,林建成,False,0,3
676,林秀美,False,0,3
677,林建成,False,0,3
678,林秀美,False,0,3
679,林秀美,False,0,3
680,林秀琴,False,0,3
681,林秀美,False,0,3
682,林秀美,False,0,3
683,林秀美,False,0,3
684,林秀美,False,0,3
685,林秀琴,False,0,3
686,林秀美,False,0,3
687,林秀美,False,0,3
688,林秀美,False,0,3
689,林秀美,False,0,3
690,林秀美,False,0,3
691,林秀美,False,0,3
692,林秀美,False,0,3
693,林秀美,False,0,3
694,林秀美,False,0,3
695,林秀美,False,0,3
696,林秀美,False,0,3
697,林秀美,False,0,3
698,林秀美,False,0,3
699,林秀美,False,0,3
700,林秀美,False,0,3
701,林建成,False,0,3
702,林秀美,False,0,3
703,林秀美,False,0,3
704,林秀美,False,0,3
705,林秀美,False,0,3
706,林冠宏,False,0,3
707,林建成,False,0,3
708,林秀美,False,0,3
709,林秀美,False,0,3
710,林秀美,False,0,3
711,林冠廷,False,0,3
712,林秀美,False,0,3
713,林秀美,False,0,3
714,林秀美,False,0,3
715,林秀美,False,0,3
716,林秀美,False,0,3
717,林秀美,False,0,3
718,林秀美,False,0,3
719,林秀美,False,0,3
720,陳建宇,False,0,4
721,林冠宏,False,0,4
722,陳威廷,False,0,4
723,陳威廷,False,0,4
724,张丽娟,False,1,4
725,陳威廷,False,0,4
726,陳威廷,False,0,4
727,林子傑,False,0,4
728,陳建宇,False,0,4
729,陳建宇,False,0,4
730,林冠宏,False,0,4
731,林冠宏,False,0,4
732,陳建宇,False,0,4
733,林冠宏,False,0,4
734,陳建宇,False,0,4
735,林子傑,False,0,4
736,陳俊宇,False,0,4
737,林子傑,False,0,4
738,陳建宇,False,0,4
739,林子傑,False,0,4
740,林子傑,False,0,4
741,林冠宏,False,0,4
742,陳威廷,False,0,4
743,陳建宇,False,0,4
744,林冠宏,False,0,4
745,林子傑,False,0,4
746,林子傑,False,0,4
747,陳志宏,False,0,4
748,陳麗美,False,0,4
749,林冠宏,False,0,4
750,林冠宏,False,0,4
751,陳建宇,False,0,4
752,陳威廷,False,0,4
753,陳建宇,False,0,4
754,陳建宇,False,0,4
755,陳建宇,False,0,4
756,陳建宇,False,0,4
757,林子傑,False,0,4
758,林子傑,False,0,4
759,林冠宏,False,0,4
760,陳威廷,False,0,4
761,陳建宇,False,0,4
762,陳美麗,False,0,4
763,张桂芳,False,1,4
764,陳威廷,False,0,4
765,陳建宇,False,0,4
766,陳建宇,False,0,4
767,陳美麗,False,0,4
768,张玉华,False,1,4
769,林子傑,False,0,4
770,陳威廷,False,0,4
771,陳威廷,False,0,4
772,陳建宇,False,0,4
773,陳淑惠,False,0,4
774,陳俊宇,False,0,4
775,陳威廷,False,0,4
776,林冠宏,False,0,4
777,陳威廷,False,0,4
778,陳建宇,False,0,4
779,陳美麗,False,0,4
780,林冠宏,False,0,4
781,陳建宇,False,0,4
782,陳建宇,False,0,4
783,陳俊宇,False,0,4
784,陳俊宇,False,0,4
785,陳建宇,False,0,4
786,陳志宏,False,0,4
787,陳建宇,False,0,4
788,陳俊宇,False,0,4
789,林冠宏,False,0,4
790,林冠宏,False,0,4
791,陳威廷,False,0,4
792,林冠宏,False,0,4
793,陳志宏,False,0,4
794,陳建宇,False,0,4
795,林子傑,False,0,4
796,林冠宏,False,0,4
797,林冠宏,False,0,4
798,林子傑,False,0,4
799,陳建宇,False,0,4
800,陳威廷,False,0,4
801,陳建宇,False,0,4
802,林冠宏,False,0,4
803,林冠宏,False,0,4
804,林冠宏,False,0,4
805,陳志宏,False,0,4
806,林冠宏,False,0,4
807,林子傑,False,0,4
808,陳威廷,False,0,4
809,陳建宇,False,0,4
810,陳建宇,False,0,4
811,林冠宏,False,0,4
812,林子傑,False,0,4
813,陳志宏,False,0,4
814,陳威廷,False,0,4
815,林冠宏,False,0,4
816,林子傑,False,0,4
817,林子傑,False,0,4
818,陳麗美,False,0,4
819,陳志宏,False,0,4
820,陳志宏,False,0,4
821,陳志宏,False,0,4
822,陳志宏,False,0,4
823,林子傑,False,0,4
824,陳威廷,False,0,4
825,陳俊宇,False,0,4
826,林子傑,False,0,4
827,陳威廷,False,0,4
828,陳志宏,False,0,4
829,林子傑,False,0,4
830,林冠宏,False,0,4
831,林冠宏,False,0,4
832,林子傑,False,0,4
833,陳建宇,False,0,4
834,林冠宏,False,0,4
835,陳俊宇,False,0,4
836,林子傑,False,0,4
837,林子傑,False,0,4
838,陳麗美,False,0,4
839,陳威廷,False,0,4
840,陳威廷,False,0,4
841,陳建宇,False,0,4
842,陳建宇,False,0,4
843,林子傑,False,0,4
844,陳建宇,False,0,4
845,陳麗美,False,0,4
846,陳俊宇,False,0,4
847,林子傑,False,0,4
848,陳威廷,False,0,4
849,林子傑,False,0,4
850,林子傑,False,0,4
851,陳建宇,False,0,4
852,林冠宏,False,0,4
853,林子傑,False,0,4
854,陳志宏,False,0,4
855,张丽娟,False,1,4
856,林子傑,False,0,4
857,林子傑,False,0,4
858,陳麗美,False,0,4
859,陳建宇,False,0,4
860,陳雅惠,False,0,4
861,陳志宏,False,0,4
862,林冠宏,False,0,4
863,林子傑,False,0,4
864,林冠宏,False,0,4
865,陳威廷,False,0,4
866,陳麗美,False,0,4
867,林冠宏,False,0,4
868,陳威廷,False,0,4
869,陳建宇,False,0,4
870,林子傑,False,0,4
871,陳建宇,False,0,4
872,陳美麗,False,0,4
873,陳俊宇,False,0,4
874,陳威廷,False,0,4
875,林冠宏,False,0,4
876,张玉华,False,1,4
877,张玉华,False,1,4
878,陳建宇,False,0,4
879,陳志宏,False,0,4
880,陳建宇,False,0,4
881,林子傑,False,0,4
882,陳俊宇,False,0,4
883,陳美麗,False,0,4
884,陳俊宇,False,0,4
885,林子傑,False,0,4
886,林冠宏,False,0,4
887,陳志宏,False,0,4
888,陳志宏,False,0,4
889,陳建宇,False,0,4
890,陳志宏,False,0,4
891,林子傑,False,0,4
892,陳俊宇,False,0,4
893,陳俊宇,False,0,4
894,陳建宇,False,0,4
895,陳俊宇,False,0,4
896,陳志宏,False,0,4
897,陳俊宇,False,0,4
898,王建国,False,1,4
899,陳麗美,False,0,4
900,王建华,False,1,5
901,王建华,False,1,5
902,王秀华,False,1,5
903,王建华,False,1,5
904,王秀华,False,1,5
905,王建华,False,1,5
906,王秀梅,False,1,5
907,王秀华,False,1,5
908,陳志豪,False,0,5
909,王建华,False,1,5
910,陳志豪,False,0,5
911,陳俊男,False,0,5
912,陳志豪,False,0,5
913,陳志豪,False,0,5
914,王秀梅,False,1,5
915,王秀华,False,1,5
916,陳志豪,False,0,5
917,王建华,False,1,5
918,王秀华,False,1,5
919,王秀华,False,1,5
920,王秀华,False,1,5
921,陳志豪,False,0,5
922,王秀华,False,1,5
923,王秀华,False,1,5
924,吳承恩,False,0,5
925,王建华,False,1,5
926,王建华,False,1,5
927,王秀华,False,1,5
928,陳志豪,False,0,5
929,王秀梅,False,1,5
930,陳志豪,False,0,5
931,王建华,False,1,5
932,吳俊賢,False,0,5
933,王建华,False,1,5
934,王秀华,False,1,5
935,陳志豪,False,0,5
936,王秀华,False,1,5
937,王秀华,False,1,5
938,王秀梅,False,1,5
939,王秀华,False,1,5
940,王秀华,False,1,5
941,陳志豪,False,0,5
942,吳俊賢,False,0,5
943,王秀华,False,1,5
944,王建华,False,1,5
945,王秀梅,False,1,5
946,陳志豪,False,0,5
947,王秀华,False,1,5
948,吳承恩,False,0,5
949,王秀华,False,1,5
950,陳志豪,False,0,5
951,陳志豪,False,0,5
952,王秀华,False,1,5
953,陳志豪,False,0,5
954,王秀华,False,1,5
955,王建华,False,1,5
956,王秀华,False,1,5
957,陳志豪,False,0,5
958,王建华,False,1,5
959,王建华,False,1,5
960,陳志豪,False,0,5
961,王秀华,False,1,5
962,王秀华,False,1,5
963,王秀华,False,1,5
964,陳志豪,False,0,5
965,王建华,False,1,5
966,陳志豪,False,0,5
967,陳志豪,False,0,5
968,陳志豪,False,0,5
969,王秀华,False,1,5
970,王秀华,False,1,5
971,王秀华,False,1,5
972,陳志豪,False,0,5
973,王建华,False,1,5
974,陳志豪,False,0,5
975,王建华,False,1,5
976,王秀华,False,1,5
977,王秀华,False,1,5
978,陳志豪,False,0,5
979,王秀华,False,1,5
980,王建华,False,1,5
981,王秀华,False,1,5
982,王秀华,False,1,5
983,王秀华,False,1,5
984,王秀华,False,1,5
985,陳志豪,False,0,5
986,王秀华,False,1,5
987,王建华,False,1,5
988,王秀华,False,1,5
989,王秀华,False,1,5
990,王秀梅,False,1,5
991,王建华,False,1,5
992,王建华,False,1,5
993,王建华,False,1,5
994,王秀华,False,1,5
995,王秀梅,False,1,5
996,陳志豪,False,0,5
997,王秀华,False,1,5
998,王秀华,False,1,5
999,陳俊男,False,0,5
1000,陳志豪,False,0,5
1001,王建华,False,1,5
1002,王秀华,False,1,5
1003,王建华,False,1,5
1004,王秀华,False,1,5
1005,王建华,False,1,5
1006,吳承恩,False,0,5
1007,王建华,False,1,5
1008,王建华,False,1,5
1009,陳志豪,False,0,5
1010,王秀华,False,1,5
1011,王秀华,False,1,5
1012,王秀华,False,1,5
1013,王秀华,False,1,5
1014,陳志豪,False,0,5
1015,王秀梅,False,1,5
1016,王秀华,False,1,5
1017,王建华,False,1,5
1018,陳俊男,False,0,5
1019,王建华,False,1,5
1020,王秀华,False,1,5
1021,王建华,False,1,5
1022,王建华,False,1,5
1023,王秀华,False,1,5
1024,王秀华,False,1,5
1025,王秀华,False,1,5
1026,王建华,False,1,5
1027,王建华,False,1,5
1028,王建华,False,1,5
1029,王秀华,False,1,5
1030,王秀华,False,1,5
1031,王秀华,False,1,5
1032,陳志豪,False,0,5
1033,陳志豪,False,0,5
1034,王秀华,False,1,5
1035,陳志豪,False,0,5
1036,陳志豪,False,0,5
1037,王秀华,False,1,5
1038,王秀华,False,1,5
1039,王建华,False,1,5
1040,王秀梅,False,1,5
1041,王秀梅,False,1,5
1042,陳志豪,False,0,5
1043,王秀华,False,1,5
1044,王建华,False,1,5
1045,陳志豪,False,0,5
1046,王秀华,False,1,5
1047,王建华,False,1,5
1048,王秀华,False,1,5
1049,王秀华,False,1,5
1050,王秀华,False,1,5
1051,王秀华,False,1,5
1052,王建华,False,1,5
1053,王建华,False,1,5
1054,王建华,False,1,5
1055,王秀华,False,1,5
1056,王秀华,False,1,5
1057,王秀华,False,1,5
1058,王建华,False,1,5
1059,王秀华,False,1,5
1060,王建华,False,1,5
1061,陳志豪,False,0,5
1062,王建华,False,1,5
1063,王建华,False,1,5
1064,王建华,False,1,5
1065,王秀华,False,1,5
1066,王建华,False,1,5
1067,王秀华,False,1,5
1068,陳志豪,False,0,5
1069,王秀华,False,1,5
1070,陳惠玲,False,0,5
1071,王建华,False,1,5
1072,王建华,False,1,5
1073,陳志豪,False,0,5
1074,王秀华,False,1,5
1075,王秀梅,False,1,5
1076,王建华,False,1,5
1077,王秀华,False,1,5
1078,王秀华,False,1,5
1079,王秀梅,False,1,5
1080,陳彥宇,False,0,6
1081,李俊毅,False,0,6
1082,李俊毅,False,0,6
1083,林明德,False,0,6
1084,林明德,False,0,6
1085,林明德,False,0,6
1086,林明德,False,0,6
1087,林明德,False,0,6
1088,李俊毅,False,0,6
1089,李俊毅,False,0,6
1090,李俊毅,False,0,6
1091,林明德,False,0,6
1092,李兰英,False,1,6
1093,林明德,False,0,6
1094,李俊毅,False,0,6
1095,李俊毅,False,0,6
1096,李俊毅,False,0,6
1097,林明德,False,0,6
1098,林美惠,False,0,6
1099,林明德,False,0,6
1100,李俊毅,False,0,6
1101,林明德,False,0,6
1102,林明德,False,0,6
1103,林明德,False,0,6
1104,陳威宇,False,0,6
1105,陳彥宇,False,0,6
1106,李冬梅,False,1,6
1107,林明德,False,0,6
1108,陳彥宇,False,0,6
1109,林明德,False,0,6
1110,林明德,False,0,6
1111,林明德,False,0,6
1112,林明德,False,0,6
1113,林明德,False,0,6
1114,李俊毅,False,0,6
1115,李俊毅,False,0,6
1116,陳威宇,False,0,6
1117,林明德,False,0,6
1118,李俊毅,False,0,6
1119,林美惠,False,0,6
1120,陳威宇,False,0,6
1121,林明德,False,0,6
1122,陳威宇,False,0,6
1123,林明德,False,0,6
1124,林明德,False,0,6
1125,林明德,False,0,6
1126,李俊毅,False,0,6
1127,李俊毅,False,0,6
1128,陳柏霖,False,0,6
1129,林明德,False,0,6
1130,李冬梅,False,1,6
1131,陳柏霖,False,0,6
1132,林明德,False,0,6
1133,李俊毅,False,0,6
1134,李俊毅,False,0,6
1135,陳柏霖,False,0,6
1136,李俊毅,False,0,6
1137,林明德,False,0,6
1138,林明德,False,0,6
1139,林明德,False,0,6
1140,林明德,False,0,6
1141,陳柏霖,False,0,6
1142,李俊毅,False,0,6
1143,林明德,False,0,6
1144,林明德,False,0,6
1145,林明德,False,0,6
1146,林明德,False,0,6
1147,林明德,False,0,6
1148,林秀玲,False,0,6
1149,陳柏霖,False,0,6
1150,林明德,False,0,6
1151,李俊毅,False,0,6
1152,陳彥宇,False,0,6
1153,林明德,False,0,6
1154,林明德,False,0,6
1155,李俊毅,False,0,6
1156,李俊毅,False,0,6
1157,林美惠,False,0,6
1158,林明德,False,0,6
1159,李冬梅,False,1,6
1160,陳彥宇,False,0,6
1161,陳彥宇,False,0,6
1162,李俊毅,False,0,6
1163,林美惠,False,0,6
1164,林明德,False,0,6
1165,林明德,False,0,6
1166,陳彥宇,False,0,6
1167,林明德,False,0,6
1168,李俊毅,False,0,6
1169,李俊毅,False,0,6
1170,李俊毅,False,0,6
1171,李俊毅,False,0,6
1172,李俊毅,False,0,6
1173,林秀玲,False,0,6
1174,李俊毅,False,0,6
1175,林明德,False,0,6
1176,陳威宇,False,0,6
1177,李俊毅,False,0,6
1178,李俊毅,False,0,6
1179,李冬梅,False,1,6
1180,李兰英,False,1,6
1181,林明德,False,0,6
1182,林明德,False,0,6
1183,林明德,False,0,6
1184,陳彥宇,False,0,6
1185,林美惠,False,0,6
1186,林明德,False,0,6
1187,林秀玲,False,0,6
1188,陳柏霖,False,0,6
1189,林明德,False,0,6
1190,李俊毅,False,0,6
1191,林明德,False,0,6
1192,林明德,False,0,6
1193,林明德,False,0,6
1194,李俊毅,False,0,6
1195,李俊毅,False,0,6
1196,林美惠,False,0,6
1197,陳彥宇,False,0,6
1198,李俊毅,False,0,6
1199,林明德,False,0,6
1200,李俊毅,False,0,6
1201,李俊毅,False,0,6
1202,林明德,False,0,6
1203,李俊毅,False,0,6
1204,李俊毅,False,0,6
1205,林明德,False,0,6
1206,林明德,False,0,6
1207,陳柏霖,False,0,6
1208,李俊毅,False,0,6
1209,李俊毅,False,0,6
1210,陳威宇,False,0,6
1211,林明德,False,0,6
1212,李冬梅,False,1,6
1213,李俊毅,False,0,6
1214,李冬梅,False,1,6
1215,林明德,False,0,6
1216,李冬梅,False,1,6
1217,李俊毅,False,0,6
1218,陳柏霖,False,0,6
1219,李俊毅,False,0,6
1220,李俊毅,False,0,6
1221,陳威宇,False,0,6
1222,林明德,False,0,6
1223,林明德,False,0,6
1224,林明德,False,0,6
1225,林明德,False,0,6
1226,李俊毅,False,0,6
1227,陳彥宇,False,0,6
1228,林明德,False,0,6
1229,林明德,False,0,6
1230,林明德,False,0,6
1231,林明德,False,0,6
1232,李冬梅,False,1,6
1233,林明德,False,0,6
1234,李冬梅,False,1,6
1235,陳彥宇,False,0,6
1236,林明德,False,0,6
1237,李俊毅,False,0,6
1238,李俊毅,False,0,6
1239,林明德,False,0,6
1240,林明德,False,0,6
1241,陳威宇,False,0,6
1242,林明德,False,0,6
1243,林明德,False,0,6
1244,林明德,False,0,6
1245,林明德,False,0,6
1246,李俊毅,False,0,6
1247,林明德,False,0,6
1248,陳柏霖,False,0,6
1249,李冬梅,False,1,6
1250,李俊毅,False,0,6
1251,陳柏霖,False,0,6
1252,林明德,False,0,6
1253,李俊毅,False,0,6
1254,李俊毅,False,0,6
1255,陳柏霖,False,0,6
1256,陳彥宇,False,0,6
1257,林明德,False,0,6
1258,林明德,False,0,6
1259,陳柏霖,False,0,6
1260,李秀珍,False,1,7
1261,李秀珍,False,1,7
1262,李建军,False,1,7
1263,李建军,False,1,7
1264,李秀珍,False,1,7
1265,李兰英,False,1,7
1266,李建军,False,1,7
1267,林怡君,False,0,7
1268,李秀珍,False,1,7
1269,林建宏,False,0,7
1270,李建军,False,1,7
1271,李建军,False,1,7
1272,李秀珍,False,1,7
1273,李秀珍,False,1,7
1274,李建军,False,1,7
1275,李秀珍,False,1,7
1276,李建军,False,1,7
1277,李建军,False,1,7
1278,李建军,False,1,7
1279,林建宏,False,0,7
1280,林建宏,False,0,7
1281,李秀珍,False,1,7
1282,李秀珍,False,1,7
1283,李建军,False,1,7
1284,李建军,False,1,7
1285,李秀珍,False,1,7
1286,李建军,False,1,7
1287,李建军,False,1,7
1288,林怡君,False,0,7
1289,李建军,False,1,7
1290,李建军,False,1,7
1291,林建宏,False,0,7
1292,李秀珍,False,1,7
1293,李建军,False,1,7
1294,林建宏,False,0,7
1295,林建宏,False,0,7
1296,林建宏,False,0,7
1297,李秀珍,False,1,7
1298,林淑芬,False,0,7
1299,李建军,False,1,7
1300,李建军,False,1,7
1301,林怡君,False,0,7
1302,李建军,False,1,7
1303,杨桂英,False,1,7
1304,李秀珍,False,1,7
1305,林建宏,False,0,7
1306,林怡君,False,0,7
1307,林建宏,False,0,7
1308,林建宏,False,0,7
1309,林佳慧,False,0,7
1310,林建宏,False,0,7
1311,李建军,False,1,7
1312,李建军,False,1,7
1313,李建军,False,1,7
1314,李建军,False,1,7
1315,李秀珍,False,1,7
1316,李建军,False,1,7
1317,李建军,False,1,7
1318,李建军,False,1,7
1319,李建军,False,1,7
1320,李秀珍,False,1,7
1321,李建军,False,1,7
1322,李建军,False,1,7
1323,李建军,False,1,7
1324,李建军,False,1,7
1325,李建军,False,1,7
1326,李建军,False,1,7
1327,林建宏,False,0,7
1328,李建军,False,1,7
1329,李建军,False,1,7
1330,李建军,False,1,7
1331,李建军,False,1,7
1332,李建军,False,1,7
1333,林佳慧,False,0,7
1334,林建宏,False,0,7
1335,李建军,False,1,7
1336,李建军,False,1,7
1337,李建军,False,1,7
1338,李秀珍,False,1,7
1339,李建军,False,1,7
1340,李建军,False,1,7
1341,王建国,False,1,7
1342,李秀珍,False,1,7
1343,李秀珍,False,1,7
1344,林建宏,False,0,7
1345,李秀珍,False,1,7
1346,李建军,False,1,7
1347,林建宏,False,0,7
1348,李建军,False,1,7
1349,李建军,False,1,7
1350,李兰英,False,1,7
1351,李秀珍,False,1,7
1352,李秀珍,False,1,7
1353,李建军,False,1,7
1354,李兰英,False,1,7
1355,李秀珍,False,1,7
1356,李建军,False,1,7
1357,李秀珍,False,1,7
1358,李兰英,False,1,7
1359,李建军,False,1,7
1360,李建军,False,1,7
1361,李兰英,False,1,7
1362,林建宏,False,0,7
1363,李兰英,False,1,7
1364,李兰英,False,1,7
1365,李秀珍,False,1,7
1366,李建军,False,1,7
1367,李建军,False,1,7
1368,李建军,False,1,7
1369,李建军,False,1,7
1370,林怡君,False,0,7
1371,林建宏,False,0,7
1372,李秀珍,False,1,7
1373,李秀珍,False,1,7
1374,林建宏,False,0,7
1375,李建军,False,1,7
1376,林佳慧,False,0,7
1377,李兰英,False,1,7
1378,李建军,False,1,7
1379,李建军,False,1,7
1380,李秀珍,False,1,7
1381,林怡君,False,0,7
1382,林建宏,False,0,7
1383,李秀珍,False,1,7
1384,李建军,False,1,7
1385,林建宏,False,0,7
1386,李建军,False,1,7
1387,李建军,False,1,7
1388,林建宏,False,0,7
1389,李建军,False,1,7
1390,李秀珍,False,1,7
1391,李秀珍,False,1,7
1392,李建军,False,1,7
1393,李秀珍,False,1,7
1394,李建军,False,1,7
1395,林建宏,False,0,7
1396,李建军,False,1,7
1397,李建军,False,1,7
1398,林建宏,False,0,7
1399,杨桂英,False,1,7
1400,李建军,False,1,7
1401,李秀珍,False,1,7
1402,林建宏,False,0,7
1403,林建宏,False,0,7
1404,王建国,False,1,7
1405,李建军,False,1,7
1406,李建军,False,1,7
1407,李秀珍,False,1,7
1408,李建军,False,1,7
1409,李建军,False,1,7
1410,林建宏,False,0,7
1411,李建军,False,1,7
1412,林怡君,False,0,7
1413,李秀珍,False,1,7
1414,李秀珍,False,1,7
1415,李秀珍,False,1,7
1416,李秀珍,False,1,7
1417,李建军,False,1,7
1418,李秀珍,False,1,7
1419,李建军,False,1,7
1420,林建宏,False,0,7
1421,李秀珍,False,1,7
1422,李建军,False,1,7
1423,林建宏,False,0,7
1424,李秀珍,False,1,7
1425,林建宏,False,0,7
1426,李建军,False,1,7
1427,李秀珍,False,1,7
1428,李建军,False,1,7
1429,李秀珍,False,1,7
1430,林怡君,False,0,7
1431,李秀珍,False,1,7
1432,李建军,False,1,7
1433,李建军,False,1,7
1434,李建军,False,1,7
1435,林建宏,False,0,7
1436,李建军,False,1,7
1437,李建军,False,1,7
1438,李秀珍,False,1,7
1439,李建军,False,1,7
1440,张秀云,False,1,8
1441,王建国,False,1,8
1442,王建国,False,1,8
1443,王建国,False,1,8
1444,陳威廷,False,0,8
1445,陳彥廷,False,0,8
1446,张雅雯,True,-1,8
1447,陳威廷,False,0,8
1448,林秀琴,False,0,8
1449,陳威廷,False,0,8
1450,陳彥廷,False,0,8
1451,张秀云,False,1,8
1452,陳威廷,False,0,8
1453,林冠廷,False,0,8
1454,王建国,False,1,8
1455,张秀云,False,1,8
1456,王建国,False,1,8
1457,林冠廷,False,0,8
1458,张秀云,False,1,8
1459,陳威廷,False,0,8
1460,陳淑惠,False,0,8
1461,王建国,False,1,8
1462,陳彥廷,False,0,8
1463,陳威廷,False,0,8
1464,王建国,False,1,8
1465,张秀云,False,1,8
1466,林秀琴,False,0,8
1467,王建国,False,1,8
1468,王建国,False,1,8
1469,张雅雯,True,-1,8
1470,张秀云,False,1,8
1471,王建国,False,1,8
1472,陳威廷,False,0,8
1473,林秀琴,False,0,8
1474,陳彥廷,False,0,8
1475,张红梅,False,1,8
1476,林秀琴,False,0,8
1477,张秀云,False,1,8
1478,陳彥廷,False,0,8
1479,陳淑惠,False,0,8
1480,张秀云,False,1,8
1481,王建国,False,1,8
1482,张桂珍,False,1,8
1483,张桂珍,False,1,8
1484,林冠廷,False,0,8
1485,王建国,False,1,8
1486,张秀云,False,1,8
1487,林冠廷,False,0,8
1488,林冠廷,False,0,8
1489,林冠廷,False,0,8
1490,张秀云,False,1,8
1491,王建国,False,1,8
1492,陳威廷,False,0,8
1493,王建国,False,1,8
1494,王建国,False,1,8
1495,林秀琴,False,0,8
1496,陳宥蓁,False,0,8
1497,张雅雯,True,-1,8
1498,陳淑惠,False,0,8
1499,陳彥廷,False,0,8
1500,张秀云,False,1,8
1501,张桂珍,False,1,8
1502,林秀琴,False,0,8
1503,张秀云,False,1,8
1504,林冠廷,False,0,8
1505,陳秀琴,False,0,8
1506,王建国,False,1,8
1507,张秀云,False,1,8
1508,陳彥廷,False,0,8
1509,张秀云,False,1,8
1510,王建国,False,1,8
1511,陳彥廷,False,0,8
1512,张桂珍,False,1,8
1513,王建国,False,1,8
1514,陳淑惠,False,0,8
1515,林秀琴,False,0,8
1516,王建国,False,1,8
1517,林冠廷,False,0,8
1518,张秀云,False,1,8
1519,林秀琴,False,0,8
1520,陳秀琴,False,0,8
1521,张红梅,False,1,8
1522,陳威廷,False,0,8
1523,张红梅,False,1,8
1524,林秀琴,False,0,8
1525,王建国,False,1,8
1526,陳彥廷,False,0,8
1527,张秀云,False,1,8
1528,张秀云,False,1,8
1529,张红梅,False,1,8
1530,王建国,False,1,8
1531,陳威廷,False,0,8
1532,陳威廷,False,0,8
1533,张秀云,False,1,8
1534,张秀云,False,1,8
1535,王建国,False,1,8
1536,张秀云,False,1,8
1537,张红梅,False,1,8
1538,陳威廷,False,0,8
1539,林冠廷,False,0,8
1540,林秀琴,False,0,8
1541,王建国,False,1,8
1542,林秀琴,False,0,8
1543,王建国,False,1,8
1544,陳彥廷,False,0,8
1545,陳彥廷,False,0,8
1546,陳彥廷,False,0,8
1547,陳威廷,False,0,8
1548,林冠廷,False,0,8
1549,林秀琴,False,0,8
1550,林秀琴,False,0,8
1551,林秀琴,False,0,8
1552,林冠廷,False,0,8
1553,陳威廷,False,0,8
1554,王建国,False,1,8
1555,陳淑惠,False,0,8
1556,林冠廷,False,0,8
1557,陳威廷,False,0,8
1558,王建国,False,1,8
1559,王建国,False,1,8
1560,林秀琴,False,0,8
1561,林秀琴,False,0,8
1562,张秀云,False,1,8
1563,陳宥蓁,False,0,8
1564,王建国,False,1,8
1565,王建国,False,1,8
1566,陳彥廷,False,0,8
1567,王建国,False,1,8
1568,王建国,False,1,8
1569,张秀云,False,1,8
1570,王建国,False,1,8
1571,王建国,False,1,8
1572,陳威廷,False,0,8
1573,张秀云,False,1,8
1574,张秀云,False,1,8
1575,张秀云,False,1,8
1576,张雅雯,True,-1,8
1577,陳彥廷,False,0,8
1578,张红梅,False,1,8
1579,林冠廷,False,0,8
1580,张秀云,False,1,8
1581,王建国,False,1,8
1582,林秀琴,False,0,8
1583,陳彥廷,False,0,8
1584,张红梅,False,1,8
1585,林冠廷,False,0,8
1586,陳彥廷,False,0,8
1587,张秀云,False,1,8
1588,张秀云,False,1,8
1589,陳彥廷,False,0,8
1590,张秀云,False,1,8
1591,林冠廷,False,0,8
1592,王建国,False,1,8
1593,张秀云,False,1,8
1594,王建国,False,1,8
1595,陳彥廷,False,0,8
1596,张秀云,False,1,8
1597,陳彥廷,False,0,8
1598,张秀云,False,1,8
1599,陳威廷,False,0,8
1600,林秀琴,False,0,8
1601,陳威廷,False,0,8
1602,王建国,False,1,8
1603,林冠廷,False,0,8
1604,陳威廷,False,0,8
1605,王建国,False,1,8
1606,张秀云,False,1,8
1607,张秀云,False,1,8
1608,王建国,False,1,8
1609,王建国,False,1,8
1610,陳秀琴,False,0,8
1611,陳威廷,False,0,8
1612,张秀云,False,1,8
1613,张秀云,False,1,8
1614,王建国,False,1,8
1615,王建国,False,1,8
1616,王建国,False,1,8
1617,林秀琴,False,0,8
1618,王建国,False,1,8
1619,林秀琴,False,0,8
1620,陳志成,False,0,9
1621,陳志成,False,0,9
1622,陈建华,False,1,9
1623,张秀兰,False,1,9
1624,张秀荣,False,1,9
1625,陳志成,False,0,9
1626,陳志明,False,0,9
1627,张秀荣,False,1,9
1628,陳志明,False,0,9
1629,张丽华,False,1,9
1630,陳志成,False,0,9
1631,陳志明,False,0,9
1632,陳志成,False,0,9
1633,陳志成,False,0,9
1634,张秀兰,False,1,9
1635,陳志明,False,0,9
1636,陳志成,False,0,9
1637,陈建华,False,1,9
1638,陈建华,False,1,9
1639,陳志成,False,0,9
1640,陈建华,False,1,9
1641,陳志明,False,0,9
1642,陳志成,False,0,9
1643,张秀荣,False,1,9
1644,陳志明,False,0,9
1645,陳志明,False,0,9
1646,陳志明,False,0,9
1647,张秀荣,False,1,9
1648,张秀荣,False,1,9
1649,张秀兰,False,1,9
1650,陳志成,False,0,9
1651,陳志成,False,0,9
1652,陳志成,False,0,9
1653,张秀兰,False,1,9
1654,陳志成,False,0,9
1655,张秀荣,False,1,9
1656,张秀荣,False,1,9
1657,陳志成,False,0,9
1658,陳志明,False,0,9
1659,陳志成,False,0,9
1660,陳志成,False,0,9
1661,张秀荣,False,1,9
1662,张秀兰,False,1,9
1663,陳志明,False,0,9
1664,陳志成,False,0,9
1665,陳志明,False,0,9
1666,陳志成,False,0,9
1667,陳志成,False,0,9
1668,蔡承恩,False,0,9
1669,张秀荣,False,1,9
1670,陳志成,False,0,9
1671,陳志明,False,0,9
1672,陳志成,False,0,9
1673,陳志成,False,0,9
1674,陳志成,False,0,9
1675,陳志明,False,0,9
1676,张秀兰,False,1,9
1677,陳志成,False,0,9
1678,张秀荣,False,1,9
1679,陳志成,False,0,9
1680,陳志明,False,0,9
1681,陳志明,False,0,9
1682,陳俊豪,False,0,9
1683,陳志成,False,0,9
1684,张秀荣,False,1,9
1685,张秀荣,False,1,9
1686,陳志成,False,0,9
1687,张秀荣,False,1,9
1688,张秀荣,False,1,9
1689,陳志成,False,0,9
1690,陳志明,False,0,9
1691,张秀荣,False,1,9
1692,陈建华,False,1,9
1693,张秀荣,False,1,9
1694,陳志成,False,0,9
1695,陳志明,False,0,9
1696,陳志明,False,0,9
1697,陳志明,False,0,9
1698,陳志明,False,0,9
1699,陳志明,False,0,9
1700,陳志成,False,0,9
1701,张秀荣,False,1,9
1702,陳志成,False,0,9
1703,陳志成,False,0,9
1704,张秀荣,False,1,9
1705,张秀荣,False,1,9
1706,陳志成,False,0,9
1707,陳志成,False,0,9
1708,陳志成,False,0,9
1709,陳志明,False,0,9
1710,陳志成,False,0,9
1711,陳志成,False,0,9
1712,张秀荣,False,1,9
1713,陳志明,False,0,9
1714,张秀荣,False,1,9
1715,陳志成,False,0,9
1716,张秀荣,False,1,9
1717,陳志明,False,0,9
1718,陈建华,False,1,9
1719,陳志成,False,0,9
1720,张秀荣,False,1,9
1721,张秀兰,False,1,9
1722,张秀荣,False,1,9
1723,陳志明,False,0,9
1724,陳志成,False,0,9
1725,陳志明,False,0,9
1726,陈建华,False,1,9
1727,陳志明,False,0,9
1728,陳志成,False,0,9
1729,陳志成,False,0,9
1730,陳志成,False,0,9
1731,陳志成,False,0,9
1732,陳志明,False,0,9
1733,陳志明,False,0,9
1734,陳志明,False,0,9
1735,陳志明,False,0,9
1736,张秀荣,False,1,9
1737,陳志明,False,0,9
1738,陈建华,False,1,9
1739,陳志成,False,0,9
1740,陳志成,False,0,9
1741,陳志明,False,0,9
1742,张秀荣,False,1,9
1743,陈建华,False,1,9
1744,陳志明,False,0,9
1745,陳志明,False,0,9
1746,陳志成,False,0,9
1747,陳志成,False,0,9
1748,陳志明,False,0,9
1749,陳志明,False,0,9
1750,陳志明,False,0,9
1751,陳志成,False,0,9
1752,陳志明,False,0,9
1753,陈建华,False,1,9
1754,张秀荣,False,1,9
1755,陳志成,False,0,9
1756,陳志成,False,0,9
1757,张秀荣,False,1,9
1758,陳志明,False,0,9
1759,陳志明,False,0,9
1760,陳俊豪,False,0,9
1761,陳志明,False,0,9
1762,张秀兰,False,1,9
1763,陳志明,False,0,9
1764,陳志明,False,0,9
1765,张秀荣,False,1,9
1766,陳志成,False,0,9
1767,陈建华,False,1,9
1768,陳俊豪,False,0,9
1769,陳志明,False,0,9
1770,张秀荣,False,1,9
1771,陳志成,False,0,9
1772,张秀荣,False,1,9
1773,张丽华,False,1,9
1774,陳俊豪,False,0,9
1775,陳志成,False,0,9
1776,张秀兰,False,1,9
1777,陳志成,False,0,9
1778,张秀荣,False,1,9
1779,陳志明,False,0,9
1780,张秀荣,False,1,9
1781,张秀荣,False,1,9
1782,张秀荣,False,1,9
1783,张秀荣,False,1,9
1784,陳志明,False,0,9
1785,陳志成,False,0,9
1786,张秀荣,False,1,9
1787,陳志成,False,0,9
1788,张秀荣,False,1,9
1789,陳志明,False,0,9
1790,陳志明,False,0,9
1791,陳志成,False,0,9
1792,陳志明,False,0,9
1793,张秀荣,False,1,9
1794,陳志成,False,0,9
1795,陳志成,False,0,9
1796,陳俊豪,False,0,9
1797,陳志明,False,0,9
1798,陳志明,False,0,9
1799,陳志成,False,0,9
1800,李俊毅,False,0,10
1801,陳志成,False,0,10
1802,张建华,False,1,10
1803,李俊毅,False,0,10
1804,张建华,False,1,10
1805,李俊毅,False,0,10
1806,林子傑,False,0,10
1807,林子傑,False,0,10
1808,李俊毅,False,0,10
1809,李俊毅,False,0,10
1810,林子傑,False,0,10
1811,张建华,False,1,10
1812,林子傑,False,0,10
1813,张桂芳,False,1,10
1814,李俊毅,False,0,10
1815,王淑珍,False,1,10
1816,林子傑,False,0,10
1817,李俊毅,False,0,10
1818,李俊毅,False,0,10
1819,林彥廷,False,0,10
1820,林子傑,False,0,10
1821,王淑珍,False,1,10
1822,林子傑,False,0,10
1823,林子傑,False,0,10
1824,林子傑,False,0,10
1825,王淑珍,False,1,10
1826,李俊毅,False,0,10
1827,张兰英,False,1,10
1828,林彥廷,False,0,10
1829,林子傑,False,0,10
1830,张秀云,False,1,10
1831,张建华,False,1,10
1832,王秀华,False,1,10
1833,林子傑,False,0,10
1834,林子傑,False,0,10
1835,林子傑,False,0,10
1836,陳冠宇,False,0,10
1837,林子傑,False,0,10
1838,林子傑,False,0,10
1839,陳冠宇,False,0,10
1840,张建华,False,1,10
1841,王淑珍,False,1,10
1842,陳冠宇,False,0,10
1843,林子傑,False,0,10
1844,林子傑,False,0,10
1845,林子傑,False,0,10
1846,林子傑,False,0,10
1847,李俊毅,False,0,10
1848,林子傑,False,0,10
1849,陳冠宇,False,0,10
1850,林子傑,False,0,10
1851,林子傑,False,0,10
1852,林彥廷,False,0,10
1853,林子傑,False,0,10
1854,林子傑,False,0,10
1855,李俊毅,False,0,10
1856,林子傑,False,0,10
1857,王淑珍,False,1,10
1858,陳志成,False,0,10
1859,林子傑,False,0,10
1860,王淑珍,False,1,10
1861,张秀云,False,1,10
1862,陳志成,False,0,10
1863,林子傑,False,0,10
1864,张建华,False,1,10
1865,林子傑,False,0,10
1866,陳冠宇,False,0,10
1867,张建华,False,1,10
1868,王淑珍,False,1,10
1869,王淑英,False,1,10
1870,林子傑,False,0,10
1871,林子傑,False,0,10
1872,林子傑,False,0,10
1873,林子傑,False,0,10
1874,王淑珍,False,1,10
1875,张建华,False,1,10
1876,王淑珍,False,1,10
1877,林彥廷,False,0,10
1878,林子傑,False,0,10
1879,林子傑,False,0,10
1880,林子傑,False,0,10
1881,张建华,False,1,10
1882,王淑珍,False,1,10
1883,林子傑,False,0,10
1884,林子傑,False,0,10
1885,李俊毅,False,0,10
1886,林子傑,False,0,10
1887,林子傑,False,0,10
1888,林子傑,False,0,10
1889,林子傑,False,0,10
1890,张建华,False,1,10
1891,陳志成,False,0,10
1892,林子傑,False,0,10
1893,张建华,False,1,10
1894,林子傑,False,0,10
1895,林彥廷,False,0,10
1896,林彥廷,False,0,10
1897,林子傑,False,0,10
1898,林彥廷,False,0,10
1899,林子傑,False,0,10
1900,张建华,False,1,10
1901,林彥廷,False,0,10
1902,林子傑,False,0,10
1903,张建华,False,1,10
1904,林子傑,False,0,10
1905,林子傑,False,0,10
1906,陳冠宇,False,0,10
1907,林子傑,False,0,10
1908,王秀华,False,1,10
1909,李俊毅,False,0,10
1910,林彥廷,False,0,10
1911,林子傑,False,0,10
1912,陳冠宇,False,0,10
1913,,True,-1,10
1914,林子傑,False,0,10
1915,张建华,False,1,10
1916,王淑珍,False,1,10
1917,林子傑,False,0,10
1918,林子傑,False,0,10
1919,林子傑,False,0,10
1920,林子傑,False,0,10
1921,张建华,False,1,10
1922,林子傑,False,0,10
1923,张建华,False,1,10
1924,李俊毅,False,0,10
1925,林子傑,False,0,10
1926,林彥廷,False,0,10
1927,陳志成,False,0,10
1928,林子傑,False,0,10
1929,张建华,False,1,10
1930,林子傑,False,0,10
1931,王淑珍,False,1,10
1932,林子傑,False,0,10
1933,张秀云,False,1,10
1934,陳冠宇,False,0,10
1935,林子傑,False,0,10
1936,陳冠宇,False,0,10
1937,林子傑,False,0,10
1938,陳志成,False,0,10
1939,陳冠宇,False,0,10
1940,林子傑,False,0,10
1941,王淑珍,False,1,10
1942,张建华,False,1,10
1943,林子傑,False,0,10
1944,林子傑,False,0,10
1945,林子傑,False,0,10
1946,张建华,False,1,10
1947,林子傑,False,0,10
1948,张建华,False,1,10
1949,林子傑,False,0,10
1950,張哲瑋,False,0,10
1951,林子傑,False,0,10
1952,王淑珍,False,1,10
1953,林子傑,False,0,10
1954,王淑珍,False,1,10
1955,林子傑,False,0,10
1956,林子傑,False,0,10
1957,李俊毅,False,0,10
1958,李俊毅,False,0,10
1959,林彥廷,False,0,10
1960,林彥廷,False,0,10
1961,林子傑,False,0,10
1962,林子傑,False,0,10
1963,李俊毅,False,0,10
1964,林子傑,False,0,10
1965,林子傑,False,0,10
1966,张建华,False,1,10
1967,林子傑,False,0,10
1968,李俊毅,False,0,10
1969,林子傑,False,0,10
1970,李俊毅,False,0,10
1971,林子傑,False,0,10
1972,李俊毅,False,0,10
1973,王淑珍,False,1,10
1974,林子傑,False,0,10
1975,张建华,False,1,10
1976,林子傑,False,0,10
1977,王淑珍,False,1,10
1978,張哲瑋,False,0,10
1979,林子傑,False,0,10
1980,李承翰,False,0,11
1981,李建军,False,1,11
1982,李建军,False,1,11
1983,李建军,False,1,11
1984,李承翰,False,0,11
1985,李桂荣,False,1,11
1986,李建军,False,1,11
1987,林明德,False,0,11
1988,李桂荣,False,1,11
1989,李建军,False,1,11
1990,李承翰,False,0,11
1991,李建军,False,1,11
1992,李承翰,False,0,11
1993,李承翰,False,0,11
1994,李建军,False,1,11
1995,李桂荣,False,1,11
1996,李承翰,False,0,11
1997,李承翰,False,0,11
1998,王志强,False,1,11
1999,李承翰,False,0,11
2000,李建军,False,1,11
2001,李桂荣,False,1,11
2002,李建军,False,1,11
2003,李建军,False,1,11
2004,张建国,False,1,11
2005,李承翰,False,0,11
2006,李建军,False,1,11
2007,李建军,False,1,11
2008,李承翰,False,0,11
2009,李承翰,False,0,11
2010,李建军,False,1,11
2011,李建军,False,1,11
2012,李承翰,False,0,11
2013,李建军,False,1,11
2014,李承翰,False,0,11
2015,李建军,False,1,11
2016,李建军,False,1,11
2017,王志强,False,1,11
2018,李桂荣,False,1,11
2019,李建军,False,1,11
2020,李建军,False,1,11
2021,李建军,False,1,11
2022,李承翰,False,0,11
2023,李承翰,False,0,11
2024,李建军,False,1,11
2025,李建军,False,1,11
2026,李承翰,False,0,11
2027,李建军,False,1,11
2028,李建军,False,1,11
2029,李建军,False,1,11
2030,李承翰,False,0,11
2031,李桂荣,False,1,11
2032,李建军,False,1,11
2033,李建军,False,1,11
2034,李承翰,False,0,11
2035,李建军,False,1,11
2036,李建军,False,1,11
2037,李建军,False,1,11
2038,李建军,False,1,11
2039,李建军,False,1,11
2040,李建军,False,1,11
2041,李承翰,False,0,11
2042,李建军,False,1,11
2043,李承翰,False,0,11
2044,李建军,False,1,11
2045,李建军,False,1,11
2046,李桂荣,False,1,11
2047,王志强,False,1,11
2048,李建军,False,1,11
2049,李桂荣,False,1,11
2050,李建军,False,1,11
2051,李建军,False,1,11
2052,李建军,False,1,11
2053,李建军,False,1,11
2054,李桂荣,False,1,11
2055,李建军,False,1,11
2056,李建军,False,1,11
2057,李建军,False,1,11
2058,李建军,False,1,11
2059,李承翰,False,0,11
2060,李承翰,False,0,11
2061,李承翰,False,0,11
2062,王海燕,False,1,11
2063,李承翰,False,0,11
2064,李建军,False,1,11
2065,李建军,False,1,11
2066,李建军,False,1,11
2067,李建军,False,1,11
2068,李承翰,False,0,11
2069,李建军,False,1,11
2070,李建军,False,1,11
2071,李建军,False,1,11
2072,李建军,False,1,11
2073,李建军,False,1,11
2074,李建军,False,1,11
2075,李建军,False,1,11
2076,李承翰,False,0,11
2077,李承翰,False,0,11
2078,李承翰,False,0,11
2079,李承翰,False,0,11
2080,李承翰,False,0,11
2081,李桂荣,False,1,11
2082,李建军,False,1,11
2083,李建军,False,1,11
2084,王海燕,False,1,11
2085,李承翰,False,0,11
2086,李承翰,False,0,11
2087,李建军,False,1,11
2088,李建军,False,1,11
2089,王志强,False,1,11
2090,李承翰,False,0,11
2091,李建军,False,1,11
2092,李桂荣,False,1,11
2093,李建军,False,1,11
2094,李承翰,False,0,11
2095,李建军,False,1,11
2096,李承翰,False,0,11
2097,李承翰,False,0,11
2098,李建军,False,1,11
2099,李建军,False,1,11
2100,李承翰,False,0,11
2101,王志强,False,1,11
2102,李建军,False,1,11
2103,李承翰,False,0,11
2104,李承翰,False,0,11
2105,李建军,False,1,11
2106,李桂荣,False,1,11
2107,李承翰,False,0,11
2108,李承翰,False,0,11
2109,李建军,False,1,11
2110,李建军,False,1,11
2111,李建军,False,1,11
2112,李承翰,False,0,11
2113,李承翰,False,0,11
2114,李承翰,False,0,11
2115,李承翰,False,0,11
2116,李建军,False,1,11
2117,李建军,False,1,11
2118,李建军,False,1,11
2119,李建军,False,1,11
2120,李承翰,False,0,11
2121,李承翰,False,0,11
2122,李承翰,False,0,11
2123,李承翰,False,0,11
2124,李承翰,False,0,11
2125,李建军,False,1,11
2126,李建军,False,1,11
2127,李建军,False,1,11
2128,李建军,False,1,11
2129,李建军,False,1,11
2130,李承翰,False,0,11
2131,李建军,False,1,11
2132,李承翰,False,0,11
2133,李桂荣,False,1,11
2134,李承翰,False,0,11
2135,李承翰,False,0,11
2136,李建军,False,1,11
2137,李建军,False,1,11
2138,李承翰,False,0,11
2139,李桂荣,False,1,11
2140,李承翰,False,0,11
2141,李桂荣,False,1,11
2142,李建军,False,1,11
2143,李承翰,False,0,11
2144,李承翰,False,0,11
2145,李建军,False,1,11
2146,李建军,False,1,11
2147,李建军,False,1,11
2148,王海燕,False,1,11
2149,李建军,False,1,11
2150,李建军,False,1,11
2151,李建军,False,1,11
2152,李建军,False,1,11
2153,李建军,False,1,11
2154,李建军,False,1,11
2155,李承翰,False,0,11
2156,王志强,False,1,11
2157,李建军,False,1,11
2158,李建军,False,1,11
2159,李承翰,False,0,11
2160,李淑华,False,1,12
2161,林子傑,False,0,12
2162,陳建安,False,0,12
2163,陳建安,False,0,12
2164,林子傑,False,0,12
2165,林子傑,False,0,12
2166,林子傑,False,0,12
2167,林正雄,False,0,12
2168,林子傑,False,0,12
2169,陳建安,False,0,12
2170,林子傑,False,0,12
2171,林正雄,False,0,12
2172,林子傑,False,0,12
2173,林子傑,False,0,12
2174,林正雄,False,0,12
2175,林子傑,False,0,12
2176,林子傑,False,0,12
2177,李雪梅,False,1,12
2178,林子傑,False,0,12
2179,林子傑,False,0,12
2180,林美玲,False,0,12
2181,林子傑,False,0,12
2182,陳建安,False,0,12
2183,林子傑,False,0,12
2184,陳建安,False,0,12
2185,陳建安,False,0,12
2186,林正雄,False,0,12
2187,林子傑,False,0,12
2188,林正雄,False,0,12
2189,林正雄,False,0,12
2190,林子傑,False,0,12
2191,林正雄,False,0,12
2192,林正雄,False,0,12
2193,林美玲,False,0,12
2194,林子傑,False,0,12
2195,林子傑,False,0,12
2196,林子傑,False,0,12
2197,林正雄,False,0,12
2198,林子傑,False,0,12
2199,林正雄,False,0,12
2200,林子傑,False,0,12
2201,林子傑,False,0,12
2202,林美玲,False,0,12
2203,林子傑,False,0,12
2204,李淑华,False,1,12
2205,李淑华,False,1,12
2206,林子傑,False,0,12
2207,林子傑,False,0,12
2208,林子傑,False,0,12
2209,陳建安,False,0,12
2210,李淑华,False,1,12
2211,林子傑,False,0,12
2212,林子傑,False,0,12
2213,林正雄,False,0,12
2214,林正雄,False,0,12
2215,林子傑,False,0,12
2216,陳建安,False,0,12
2217,李淑华,False,1,12
2218,林子傑,False,0,12
2219,林子傑,False,0,12
2220,林美玲,False,0,12
2221,林正雄,False,0,12
2222,林正雄,False,0,12
2223,陳建安,False,0,12
2224,陳建安,False,0,12
2225,林美玲,False,0,12
2226,林子傑,False,0,12
2227,林正雄,False,0,12
2228,林正雄,False,0,12
2229,林子傑,False,0,12
2230,林正雄,False,0,12
2231,林子傑,False,0,12
2232,林子傑,False,0,12
2233,林子傑,False,0,12
2234,林子傑,False,0,12
2235,林子傑,False,0,12
2236,林正雄,False,0,12
2237,林正雄,False,0,12
2238,林子傑,False,0,12
2239,李淑华,False,1,12
2240,林子傑,False,0,12
2241,林子傑,False,0,12
2242,林正雄,False,0,12
2243,林子傑,False,0,12
2244,林正雄,False,0,12
2245,林子傑,False,0,12
2246,林子傑,False,0,12
2247,林子傑,False,0,12
2248,林美玲,False,0,12
2249,李淑华,False,1,12
2250,林子傑,False,0,12
2251,陳建安,False,0,12
2252,林子傑,False,0,12
2253,林子傑,False,0,12
2254,林子傑,False,0,12
2255,李雪梅,False,1,12
2256,林子傑,False,0,12
2257,林子傑,False,0,12
2258,李淑华,False,1,12
2259,林子傑,False,0,12
2260,林正雄,False,0,12
2261,林正雄,False,0,12
2262,李淑华,False,1,12
2263,陳建安,False,0,12
2264,林子傑,False,0,12
2265,林子傑,False,0,12
2266,林子傑,False,0,12
2267,林美玲,False,0,12
2268,林子傑,False,0,12
2269,林子傑,False,0,12
2270,林子傑,False,0,12
2271,林子傑,False,0,12
2272,李淑华,False,1,12
2273,林子傑,False,0,12
2274,林子傑,False,0,12
2275,林子傑,False,0,12
2276,林子傑,False,0,12
2277,李淑华,False,1,12
2278,林子傑,False,0,12
2279,林子傑,False,0,12
2280,林子傑,False,0,12
2281,林正雄,False,0,12
2282,林子傑,False,0,12
2283,林正雄,False,0,12
2284,李淑华,False,1,12
2285,林子傑,False,0,12
2286,李淑华,False,1,12
2287,林子傑,False,0,12
2288,林正雄,False,0,12
2289,林子傑,False,0,12
2290,林正雄,False,0,12
2291,林正雄,False,0,12
2292,林子傑,False,0,12
2293,李淑华,False,1,12
2294,林正雄,False,0,12
2295,李桂芝,False,1,12
2296,林子傑,False,0,12
2297,林正雄,False,0,12
2298,林子傑,False,0,12
2299,林子傑,False,0,12
2300,林子傑,False,0,12
2301,林正雄,False,0,12
2302,林正雄,False,0,12
2303,李淑华,False,1,12
2304,林子傑,False,0,12
2305,林正雄,False,0,12
2306,林子傑,False,0,12
2307,林子傑,False,0,12
2308,林正雄,False,0,12
2309,林子傑,False,0,12
2310,林子傑,False,0,12
2311,林正雄,False,0,12
2312,林子傑,False,0,12
2313,林子傑,False,0,12
2314,林美玲,False,0,12
2315,李桂芝,False,1,12
2316,林子傑,False,0,12
2317,林子傑,False,0,12
2318,林正雄,False,0,12
2319,,True,-1,12
2320,林子傑,False,0,12
2321,林子傑,False,0,12
2322,林美玲,False,0,12
2323,林子傑,False,0,12
2324,林正雄,False,0,12
2325,林正雄,False,0,12
2326,林子傑,False,0,12
2327,林正雄,False,0,12
2328,林正雄,False,0,12
2329,林子傑,False,0,12
2330,林正雄,False,0,12
2331,林子傑,False,0,12
2332,林子傑,False,0,12
2333,王桂珍,False,1,12
2334,林子傑,False,0,12
2335,林子傑,False,0,12
2336,林子傑,False,0,12
2337,林子傑,False,0,12
2338,李淑华,False,1,12
2339,林正雄,False,0,12
2340,李淑英,False,1,13
2341,张建军,False,1,13
2342,李俊毅,False,0,13
2343,李淑英,False,1,13
2344,张秀华,False,1,13
2345,张建军,False,1,13
2346,李承翰,False,0,13
2347,张秀华,False,1,13
2348,张秀华,False,1,13
2349,李俊毅,False,0,13
2350,张秀华,False,1,13
2351,李承翰,False,0,13
2352,李俊毅,False,0,13
2353,李承翰,False,0,13
2354,李承翰,False,0,13
2355,张建军,False,1,13
2356,李俊毅,False,0,13
2357,李承翰,False,0,13
2358,李承翰,False,0,13
2359,张建军,False,1,13
2360,李桂香,False,1,13
2361,张建军,False,1,13
2362,李俊毅,False,0,13
2363,李承翰,False,0,13
2364,李淑英,False,1,13
2365,李承翰,False,0,13
2366,李淑英,False,1,13
2367,张秀华,False,1,13
2368,李承翰,False,0,13
2369,李承翰,False,0,13
2370,张秀珍,False,1,13
2371,李俊毅,False,0,13
2372,李承翰,False,0,13
2373,李承翰,False,0,13
2374,张建军,False,1,13
2375,李俊毅,False,0,13
2376,张秀华,False,1,13
2377,张秀华,False,1,13
2378,李俊毅,False,0,13
2379,李桂香,False,1,13
2380,张秀华,False,1,13
2381,张秀华,False,1,13
2382,李俊毅,False,0,13
2383,李淑英,False,1,13
2384,李承翰,False,0,13
2385,张秀珍,False,1,13
2386,张建军,False,1,13
2387,张建军,False,1,13
2388,李俊毅,False,0,13
2389,李承翰,False,0,13
2390,李俊毅,False,0,13
2391,李俊毅,False,0,13
2392,张秀英,False,1,13
2393,李俊毅,False,0,13
2394,李俊毅,False,0,13
2395,李俊毅,False,0,13
2396,李淑英,False,1,13
2397,李淑英,False,1,13
2398,李俊毅,False,0,13
2399,李淑英,False,1,13
2400,李俊毅,False,0,13
2401,李俊毅,False,0,13
2402,李俊毅,False,0,13
2403,李承翰,False,0,13
2404,李俊毅,False,0,13
2405,张秀英,False,1,13
2406,李俊毅,False,0,13
2407,李俊毅,False,0,13
2408,李承翰,False,0,13
2409,李承翰,False,0,13
2410,李俊毅,False,0,13
2411,张秀华,False,1,13
2412,张秀珍,False,1,13
2413,张秀华,False,1,13
2414,张秀珍,False,1,13
2415,李桂香,False,1,13
2416,李俊毅,False,0,13
2417,李承翰,False,0,13
2418,李承翰,False,0,13
2419,张秀华,False,1,13
2420,张秀华,False,1,13
2421,李承翰,False,0,13
2422,张秀英,False,1,13
2423,李俊毅,False,0,13
2424,李淑英,False,1,13
2425,李承翰,False,0,13
2426,林冠宇,False,0,13
2427,李淑英,False,1,13
2428,李俊毅,False,0,13
2429,李俊毅,False,0,13
2430,张秀珍,False,1,13
2431,李承翰,False,0,13
2432,李承翰,False,0,13
2433,张秀华,False,1,13
2434,张秀华,False,1,13
2435,李俊毅,False,0,13
2436,李承翰,False,0,13
2437,张秀华,False,1,13
2438,张秀华,False,1,13
2439,张丽华,False,1,13
2440,李俊毅,False,0,13
2441,张建军,False,1,13
2442,李俊毅,False,0,13
2443,李淑英,False,1,13
2444,张丽华,False,1,13
2445,张丽华,False,1,13
2446,李俊毅,False,0,13
2447,张建军,False,1,13
2448,李俊毅,False,0,13
2449,李俊毅,False,0,13
2450,张秀华,False,1,13
2451,张建军,False,1,13
2452,李承翰,False,0,13
2453,李淑英,False,1,13
2454,李俊毅,False,0,13
2455,李承翰,False,0,13
2456,李承翰,False,0,13
2457,李桂香,False,1,13
2458,李承翰,False,0,13
2459,李承翰,False,0,13
2460,李承翰,False,0,13
2461,李承翰,False,0,13
2462,李承翰,False,0,13
2463,李俊毅,False,0,13
2464,李俊毅,False,0,13
2465,李淑英,False,1,13
2466,李承翰,False,0,13
2467,李淑英,False,1,13
2468,张秀华,False,1,13
2469,李承翰,False,0,13
2470,张秀英,False,1,13
2471,李俊毅,False,0,13
2472,李俊毅,False,0,13
2473,张秀英,False,1,13
2474,李承翰,False,0,13
2475,李俊毅,False,0,13
2476,李承翰,False,0,13
2477,张秀英,False,1,13
2478,李俊毅,False,0,13
2479,李承翰,False,0,13
2480,李俊毅,False,0,13
2481,李承翰,False,0,13
2482,李承翰,False,0,13
2483,李承翰,False,0,13
2484,张秀华,False,1,13
2485,张秀珍,False,1,13
2486,李淑英,False,1,13
2487,张建军,False,1,13
2488,李俊毅,False,0,13
2489,李俊毅,False,0,13
2490,李淑英,False,1,13
2491,张丽华,False,1,13
2492,李淑英,False,1,13
2493,李俊毅,False,0,13
2494,李淑英,False,1,13
2495,张秀华,False,1,13
2496,李俊毅,False,0,13
2497,李承翰,False,0,13
2498,张秀英,False,1,13
2499,张建军,False,1,13
2500,张建军,False,1,13
2501,李俊毅,False,0,13
2502,李承翰,False,0,13
2503,李承翰,False,0,13
2504,李承翰,False,0,13
2505,李俊毅,False,0,13
2506,李承翰,False,0,13
2507,李俊毅,False,0,13
2508,张建军,False,1,13
2509,李淑英,False,1,13
2510,李淑英,False,1,13
2511,李俊毅,False,0,13
2512,李承翰,False,0,13
2513,张建军,False,1,13
2514,李承翰,False,0,13
2515,张建军,False,1,13
2516,张建军,False,1,13
2517,李俊毅,False,0,13
2518,张秀华,False,1,13
2519,李俊毅,False,0,13
2520,陳柏安,False,0,14
2521,陳柏安,False,0,14
2522,李承恩,False,0,14
2523,李承恩,False,0,14
2524,李承恩,False,0,14
2525,李承恩,False,0,14
2526,陳奕安,False,0,14
2527,李承恩,False,0,14
2528,李春梅,False,1,14
2529,陳怡伶,False,0,14
2530,李承恩,False,0,14
2531,李承恩,False,0,14
2532,李承恩,False,0,14
2533,李承恩,False,0,14
2534,李承恩,False,0,14
2535,李承恩,False,0,14
2536,陳宥蓁,False,0,14
2537,陳奕安,False,0,14
2538,李承恩,False,0,14
2539,李承恩,False,0,14
2540,陳怡伶,False,0,14
2541,李桂珍,False,1,14
2542,陳怡伶,False,0,14
2543,李承恩,False,0,14
2544,陳思穎,False,0,14
2545,李承恩,False,0,14
2546,陳思穎,False,0,14
2547,李承恩,False,0,14
2548,李承恩,False,0,14
2549,李承恩,False,0,14
2550,李承恩,False,0,14
2551,陳奕安,False,0,14
2552,李承恩,False,0,14
2553,陳宥蓁,False,0,14
2554,李承恩,False,0,14
2555,李承恩,False,0,14
2556,陳柏安,False,0,14
2557,李承恩,False,0,14
2558,李承恩,False,0,14
2559,陳柏安,False,0,14
2560,李承恩,False,0,14
2561,李春梅,False,1,14
2562,陳奕安,False,0,14
2563,陳奕安,False,0,14
2564,陳怡伶,False,0,14
2565,陳柏安,False,0,14
2566,李承恩,False,0,14
2567,李承恩,False,0,14
2568,陳柏安,False,0,14
2569,陳柏安,False,0,14
2570,陳宥蓁,False,0,14
2571,李承恩,False,0,14
2572,陳思穎,False,0,14
2573,李承恩,False,0,14
2574,陳柏安,False,0,14
2575,李承恩,False,0,14
2576,陳柏安,False,0,14
2577,李承恩,False,0,14
2578,李承恩,False,0,14
2579,陳柏安,False,0,14
2580,陳思穎,False,0,14
2581,李承恩,False,0,14
2582,陳奕安,False,0,14
2583,陳思穎,False,0,14
2584,李承恩,False,0,14
2585,李承恩,False,0,14
2586,李承恩,False,0,14
2587,陳怡伶,False,0,14
2588,李承恩,False,0,14
2589,李桂珍,False,1,14
2590,陳思穎,False,0,14
2591,陳奕安,False,0,14
2592,李承恩,False,0,14
2593,李承恩,False,0,14
2594,陳奕安,False,0,14
2595,李承恩,False,0,14
2596,李承恩,False,0,14
2597,李承恩,False,0,14
2598,陳柏安,False,0,14
2599,陳奕安,False,0,14
2600,李承恩,False,0,14
2601,陳柏安,False,0,14
2602,李承恩,False,0,14
2603,李春梅,False,1,14
2604,李承恩,False,0,14
2605,李桂珍,False,1,14
2606,李春梅,False,1,14
2607,李承恩,False,0,14
2608,陳宥蓁,False,0,14
2609,陳柏安,False,0,14
2610,李承恩,False,0,14
2611,李承恩,False,0,14
2612,李桂珍,False,1,14
2613,陳柏安,False,0,14
2614,陳柏安,False,0,14
2615,陳奕安,False,0,14
2616,陳怡伶,False,0,14
2617,李承恩,False,0,14
2618,李承恩,False,0,14
2619,陳怡伶,False,0,14
2620,陳宥蓁,False,0,14
2621,李承恩,False,0,14
2622,李承恩,False,0,14
2623,陳柏安,False,0,14
2624,陈凤英,False,1,14
2625,陳奕安,False,0,14
2626,李承恩,False,0,14
2627,陳思穎,False,0,14
2628,李承恩,False,0,14
2629,李承恩,False,0,14
2630,李承恩,False,0,14
2631,李承恩,False,0,14
2632,李承恩,False,0,14
2633,陳奕安,False,0,14
2634,陳柏安,False,0,14
2635,李承恩,False,0,14
2636,李承恩,False,0,14
2637,李承恩,False,0,14
2638,李桂珍,False,1,14
2639,李承恩,False,0,14
2640,李承恩,False,0,14
2641,陳奕安,False,0,14
2642,李承恩,False,0,14
2643,陳宥蓁,False,0,14
2644,陳柏安,False,0,14
2645,李承恩,False,0,14
2646,李承恩,False,0,14
2647,李承恩,False,0,14
2648,李承恩,False,0,14
2649,李承恩,False,0,14
2650,陳宥蓁,False,0,14
2651,陳宥蓁,False,0,14
2652,陳奕安,False,0,14
2653,陳宥蓁,False,0,14
2654,陳宥蓁,False,0,14
2655,李承恩,False,0,14
2656,李承恩,False,0,14
2657,李承恩,False,0,14
2658,陳奕安,False,0,14
2659,李承恩,False,0,14
2660,陳柏安,False,0,14
2661,陳奕安,False,0,14
2662,陳柏安,False,0,14
2663,陳怡伶,False,0,14
2664,陳柏安,False,0,14
2665,李承恩,False,0,14
2666,李承恩,False,0,14
2667,李承恩,False,0,14
2668,李承恩,False,0,14
2669,李承恩,False,0,14
2670,李承恩,False,0,14
2671,李承恩,False,0,14
2672,李承恩,False,0,14
2673,陳柏安,False,0,14
2674,李承恩,False,0,14
2675,李承恩,False,0,14
2676,陳柏安,False,0,14
2677,李承恩,False,0,14
2678,李承恩,False,0,14
2679,李玉英,False,1,14
2680,李承恩,False,0,14
2681,陳柏安,False,0,14
2682,陳奕安,False,0,14
2683,陳奕安,False,0,14
2684,李承恩,False,0,14
2685,李承恩,False,0,14
2686,陳柏安,False,0,14
2687,李承恩,False,0,14
2688,李承恩,False,0,14
2689,陳宥蓁,False,0,14
2690,李承恩,False,0,14
2691,李承恩,False,0,14
2692,李承恩,False,0,14
2693,李承恩,False,0,14
2694,陳柏安,False,0,14
2695,陳柏安,False,0,14
2696,李承恩,False,0,14
2697,李承恩,False,0,14
2698,李承恩,False,0,14
2699,李承恩,False,0,14
2700,林志明,False,0,15
2701,林志明,False,0,15
2702,林冠宏,False,0,15
2703,林彥廷,False,0,15
2704,林志明,False,0,15
2705,林志明,False,0,15
2706,李淑珍,False,1,15
2707,林志明,False,0,15
2708,林彥廷,False,0,15
2709,林志明,False,0,15
2710,林志明,False,0,15
2711,林冠宏,False,0,15
2712,林冠宏,False,0,15
2713,林志明,False,0,15
2714,李淑珍,False,1,15
2715,林彥廷,False,0,15
2716,林冠宏,False,0,15
2717,林冠宏,False,0,15
2718,林冠宏,False,0,15
2719,林冠宏,False,0,15
2720,李淑珍,False,1,15
2721,林彥廷,False,0,15
2722,林彥廷,False,0,15
2723,林志明,False,0,15
2724,林志明,False,0,15
2725,林志明,False,0,15
2726,林冠宏,False,0,15
2727,林淑娟,False,0,15
2728,李淑珍,False,1,15
2729,林志明,False,0,15
2730,林志明,False,0,15
2731,林彥廷,False,0,15
2732,林冠宏,False,0,15
2733,李淑珍,False,1,15
2734,林冠宏,False,0,15
2735,林志明,False,0,15
2736,林冠宏,False,0,15
2737,李淑珍,False,1,15
2738,林志明,False,0,15
2739,林志明,False,0,15
2740,林志明,False,0,15
2741,李秀兰,False,1,15
2742,李淑珍,False,1,15
2743,林冠宏,False,0,15
2744,林志明,False,0,15
2745,林冠宏,False,0,15
2746,林彥廷,False,0,15
2747,林冠宏,False,0,15
2748,李冬梅,False,1,15
2749,林志明,False,0,15
2750,林志明,False,0,15
2751,李秀兰,False,1,15
2752,林冠宏,False,0,15
2753,林志明,False,0,15
2754,李秀兰,False,1,15
2755,林志明,False,0,15
2756,林志明,False,0,15
2757,林冠宏,False,0,15
2758,林冠宏,False,0,15
2759,林志明,False,0,15
2760,林志明,False,0,15
2761,李秀兰,False,1,15
2762,林彥廷,False,0,15
2763,林冠宏,False,0,15
2764,林志明,False,0,15
2765,林彥廷,False,0,15
2766,林冠宏,False,0,15
2767,林志明,False,0,15
2768,林冠宏,False,0,15
2769,林志明,False,0,15
2770,林冠宏,False,0,15
2771,林志明,False,0,15
2772,林志明,False,0,15
2773,林冠宏,False,0,15
2774,林志明,False,0,15
2775,林志明,False,0,15
2776,林彥廷,False,0,15
2777,李秀兰,False,1,15
2778,李秀兰,False,1,15
2779,林冠宏,False,0,15
2780,林志明,False,0,15
2781,林彥廷,False,0,15
2782,林志明,False,0,15
2783,林志明,False,0,15
2784,李秀兰,False,1,15
2785,林志明,False,0,15
2786,林冠宏,False,0,15
2787,林冠宏,False,0,15
2788,李淑珍,False,1,15
2789,李玉梅,False,1,15
2790,林冠宏,False,0,15
2791,林彥廷,False,0,15
2792,林志明,False,0,15
2793,林彥廷,False,0,15
2794,林志明,False,0,15
2795,林志明,False,0,15
2796,林彥廷,False,0,15
2797,李秀兰,False,1,15
2798,林志明,False,0,15
2799,林志明,False,0,15
2800,林冠宏,False,0,15
2801,林志明,False,0,15
2802,林冠宏,False,0,15
2803,林彥廷,False,0,15
2804,林彥廷,False,0,15
2805,李秀兰,False,1,15
2806,林彥廷,False,0,15
2807,林冠宏,False,0,15
2808,林冠宏,False,0,15
2809,林冠宏,False,0,15
2810,林冠宏,False,0,15
2811,林志明,False,0,15
2812,林志明,False,0,15
2813,林彥廷,False,0,15
2814,林志明,False,0,15
2815,林志明,False,0,15
2816,林彥廷,False,0,15
2817,林冠宏,False,0,15
2818,林志明,False,0,15
2819,林志明,False,0,15
2820,林志明,False,0,15
2821,林彥廷,False,0,15
2822,林冠宏,False,0,15
2823,林志明,False,0,15
2824,李秀兰,False,1,15
2825,林彥廷,False,0,15
2826,林志明,False,0,15
2827,林彥廷,False,0,15
2828,林志明,False,0,15
2829,林冠宏,False,0,15
2830,林冠宏,False,0,15
2831,林彥廷,False,0,15
2832,林冠宏,False,0,15
2833,林志明,False,0,15
2834,李秀兰,False,1,15
2835,李淑珍,False,1,15
2836,林志明,False,0,15
2837,林志明,False,0,15
2838,林彥廷,False,0,15
2839,林冠宏,False,0,15
2840,李秀兰,False,1,15
2841,林彥廷,False,0,15
2842,李秀兰,False,1,15
2843,林志明,False,0,15
2844,林志明,False,0,15
2845,林志明,False,0,15
2846,林冠宏,False,0,15
2847,李秀兰,False,1,15
2848,李秀兰,False,1,15
2849,林志明,False,0,15
2850,林志明,False,0,15
2851,林志明,False,0,15
2852,李冬梅,False,1,15
2853,林志明,False,0,15
2854,林志明,False,0,15
2855,林冠宏,False,0,15
2856,林志明,False,0,15
2857,林冠宏,False,0,15
2858,林志明,False,0,15
2859,林志明,False,0,15
2860,林志明,False,0,15
2861,林冠宏,False,0,15
2862,林冠宏,False,0,15
2863,林彥廷,False,0,15
2864,林冠宏,False,0,15
2865,林志明,False,0,15
2866,李冬梅,False,1,15
2867,林志明,False,0,15
2868,林志明,False,0,15
2869,林志明,False,0,15
2870,林冠宏,False,0,15
2871,林志明,False,0,15
2872,林志明,False,0,15
2873,林冠宏,False,0,15
2874,林冠宏,False,0,15
2875,李秀兰,False,1,15
2876,李秀兰,False,1,15
2877,林志明,False,0,15
2878,林志明,False,0,15
2879,李秀兰,False,1,15
2880,林建志,False,0,16
2881,林冠廷,False,0,16
2882,林建志,False,0,16
2883,林建志,False,0,16
2884,陳志忠,False,0,16
2885,陳美玉,False,0,16
2886,林冠廷,False,0,16
2887,林建志,False,0,16
2888,陳志忠,False,0,16
2889,陳志忠,False,0,16
2890,陳柏翰,False,0,16
2891,林冠廷,False,0,16
2892,林建志,False,0,16
2893,林建志,False,0,16
2894,陳美玉,False,0,16
2895,林建志,False,0,16
2896,陳昱安,False,0,16
2897,蔡承恩,False,0,16
2898,陳志忠,False,0,16
2899,陳昱安,False,0,16
2900,林建志,False,0,16
2901,陳柏翰,False,0,16
2902,陳昱安,False,0,16
2903,陳志忠,False,0,16
2904,陳志忠,False,0,16
2905,林建志,False,0,16
2906,陳柏翰,False,0,16
2907,陳柏翰,False,0,16
2908,陳昱安,False,0,16
2909,陳志忠,False,0,16
2910,陳志忠,False,0,16
2911,林建志,False,0,16
2912,林建志,False,0,16
2913,陳志忠,False,0,16
2914,陳美玉,False,0,16
2915,林建志,False,0,16
2916,林冠廷,False,0,16
2917,林建志,False,0,16
2918,林建志,False,0,16
2919,陳志忠,False,0,16
2920,林建志,False,0,16
2921,陳志忠,False,0,16
2922,陳美玉,False,0,16
2923,陳志忠,False,0,16
2924,陳志忠,False,0,16
2925,陳昱安,False,0,16
2926,陳美玉,False,0,16
2927,陳昱安,False,0,16
2928,林建志,False,0,16
2929,陳志忠,False,0,16
2930,林建志,False,0,16
2931,林建志,False,0,16
2932,陳志忠,False,0,16
2933,陳昱安,False,0,16
2934,陳柏翰,False,0,16
2935,林建志,False,0,16
2936,陳昱安,False,0,16
2937,陳昱安,False,0,16
2938,林建志,False,0,16
2939,林建志,False,0,16
2940,林建志,False,0,16
2941,陳志忠,False,0,16
2942,陳志忠,False,0,16
2943,陳柏翰,False,0,16
2944,陳志忠,False,0,16
2945,林建志,False,0,16
2946,李桂兰,False,1,16
2947,陳昱安,False,0,16
2948,陳美玉,False,0,16
2949,陳志忠,False,0,16
2950,林建志,False,0,16
2951,陳美玉,False,0,16
2952,陳美玉,False,0,16
2953,陳柏翰,False,0,16
2954,林建志,False,0,16
2955,陳昱安,False,0,16
2956,林建志,False,0,16
2957,林建志,False,0,16
2958,陳志忠,False,0,16
2959,林建志,False,0,16
2960,陳志忠,False,0,16
2961,陳淑娟,False,0,16
2962,陳志忠,False,0,16
2963,陳淑娟,False,0,16
2964,林建志,False,0,16
2965,林建志,False,0,16
2966,陳昱安,False,0,16
2967,陳志忠,False,0,16
2968,林建志,False,0,16
2969,陳志忠,False,0,16
2970,陳昱安,False,0,16
2971,陳淑娟,False,0,16
2972,林建志,False,0,16
2973,陳昱安,False,0,16
2974,陳志忠,False,0,16
2975,陳志忠,False,0,16
2976,林建志,False,0,16
2977,陳柏翰,False,0,16
2978,陳昱安,False,0,16
2979,陳美玉,False,0,16
2980,林建志,False,0,16
2981,陳志忠,False,0,16
2982,陳志忠,False,0,16
2983,陳昱安,False,0,16
2984,陳淑娟,False,0,16
2985,陳志忠,False,0,16
2986,陳昱安,False,0,16
2987,陳志忠,False,0,16
2988,林建志,False,0,16
2989,林建志,False,0,16
2990,林建志,False,0,16
2991,陳志忠,False,0,16
2992,林建志,False,0,16
2993,陳昱安,False,0,16
2994,陳志忠,False,0,16
2995,林建志,False,0,16
2996,陳淑娟,False,0,16
2997,陳美玉,False,0,16
2998,陳美玉,False,0,16
2999,陳美玉,False,0,16
3000,陳淑娟,False,0,16
3001,陳志忠,False,0,16
3002,陳志忠,False,0,16
3003,陳志忠,False,0,16
3004,陳美玉,False,0,16
3005,陳志忠,False,0,16
3006,林建志,False,0,16
3007,陳昱安,False,0,16
3008,林建志,False,0,16
3009,陳志忠,False,0,16
3010,陳美玉,False,0,16
3011,陳美玉,False,0,16
3012,林建志,False,0,16
3013,陳柏翰,False,0,16
3014,陳美玉,False,0,16
3015,陳志忠,False,0,16
3016,林建志,False,0,16
3017,林建志,False,0,16
3018,陳昱安,False,0,16
3019,陳昱安,False,0,16
3020,陳昱安,False,0,16
3021,陳美玉,False,0,16
3022,陳志忠,False,0,16
3023,林建志,False,0,16
3024,林建志,False,0,16
3025,林建志,False,0,16
3026,林建志,False,0,16
3027,陳柏翰,False,0,16
3028,陳志忠,False,0,16
3029,林冠廷,False,0,16
3030,林建志,False,0,16
3031,陳志忠,False,0,16
3032,陳昱安,False,0,16
3033,陳麗珠,False,0,16
3034,林建志,False,0,16
3035,陳柏翰,False,0,16
3036,陳志忠,False,0,16
3037,陳志忠,False,0,16
3038,陳志忠,False,0,16
3039,陳昱安,False,0,16
3040,陳志忠,False,0,16
3041,陳柏翰,False,0,16
3042,林建志,False,0,16
3043,陳昱安,False,0,16
3044,陳志忠,False,0,16
3045,陳美玉,False,0,16
3046,陳美玉,False,0,16
3047,陳昱安,False,0,16
3048,林建志,False,0,16
3049,陳志忠,False,0,16
3050,陳志忠,False,0,16
3051,陳美玉,False,0,16
3052,林建志,False,0,16
3053,陳志忠,False,0,16
3054,陳美玉,False,0,16
3055,陳志忠,False,0,16
3056,陳柏翰,False,0,16
3057,林建志,False,0,16
3058,林建志,False,0,16
3059,林建志,False,0,16
3060,王志强,False,1,17
3061,李淑芬,False,0,17
3062,林建志,False,0,17
3063,林建志,False,0,17
3064,陳柏霖,False,0,17
3065,王志强,False,1,17
3066,陈秀兰,False,1,17
3067,林建志,False,0,17
3068,林建志,False,0,17
3069,李桂花,False,1,17
3070,陳柏霖,False,0,17
3071,王志强,False,1,17
3072,李淑惠,False,0,17
3073,王志强,False,1,17
3074,林建志,False,0,17
3075,林建志,False,0,17
3076,王志强,False,1,17
3077,,True,-1,17
3078,陳柏霖,False,0,17
3079,林建志,False,0,17
3080,林建志,False,0,17
3081,李淑芬,False,0,17
3082,李淑惠,False,0,17
3083,陳柏霖,False,0,17
3084,李冬梅,False,1,17
3085,林建志,False,0,17
3086,李淑惠,False,0,17
3087,林建志,False,0,17
3088,林建志,False,0,17
3089,李淑芬,False,0,17
3090,李桂花,False,1,17
3091,林建志,False,0,17
3092,李桂花,False,1,17
3093,陳柏霖,False,0,17
3094,李淑惠,False,0,17
3095,李淑惠,False,0,17
3096,王志强,False,1,17
3097,王志强,False,1,17
3098,王志强,False,1,17
3099,林建志,False,0,17
3100,李淑芬,False,0,17
3101,李淑惠,False,0,17
3102,李淑芬,False,0,17
3103,林建志,False,0,17
3104,李淑芬,False,0,17
3105,李冬梅,False,1,17
3106,李淑惠,False,0,17
3107,王志强,False,1,17
3108,李淑惠,False,0,17
3109,王志强,False,1,17
3110,王志强,False,1,17
3111,李淑芬,False,0,17
3112,林建志,False,0,17
3113,李冬梅,False,1,17
3114,陳美玉,False,0,17
3115,李冬梅,False,1,17
3116,王志强,False,1,17
3117,林建志,False,0,17
3118,林建志,False,0,17
3119,李淑惠,False,0,17
3120,陳柏霖,False,0,17
3121,王志强,False,1,17
3122,林建志,False,0,17
3123,陳柏霖,False,0,17
3124,王志强,False,1,17
3125,王志强,False,1,17
3126,王志强,False,1,17
3127,林建志,False,0,17
3128,李淑芬,False,0,17
3129,林建志,False,0,17
3130,陈玉兰,False,1,17
3131,李桂花,False,1,17
3132,李淑芬,False,0,17
3133,王志强,False,1,17
3134,李淑惠,False,0,17
3135,李淑惠,False,0,17
3136,林建志,False,0,17
3137,林建志,False,0,17
3138,林建志,False,0,17
3139,李淑惠,False,0,17
3140,林建志,False,0,17
3141,李淑芬,False,0,17
3142,林建志,False,0,17
3143,李淑惠,False,0,17
3144,李淑芬,False,0,17
3145,李淑芬,False,0,17
3146,林建志,False,0,17
3147,王志强,False,1,17
3148,李淑惠,False,0,17
3149,李桂花,False,1,17
3150,李桂花,False,1,17
3151,林建志,False,0,17
3152,李淑芬,False,0,17
3153,王志强,False,1,17
3154,李淑芬,False,0,17
3155,王志强,False,1,17
3156,李淑惠,False,0,17
3157,陳柏霖,False,0,17
3158,林建志,False,0,17
3159,李桂花,False,1,17
3160,李桂花,False,1,17
3161,林建志,False,0,17
3162,王志强,False,1,17
3163,李淑芬,False,0,17
3164,王志强,False,1,17
3165,李桂花,False,1,17
3166,李淑惠,False,0,17
3167,王志强,False,1,17
3168,,True,-1,17
3169,林建志,False,0,17
3170,李淑惠,False,0,17
3171,李淑芬,False,0,17
3172,林建志,False,0,17
3173,李淑芬,False,0,17
3174,李淑惠,False,0,17
3175,李淑芬,False,0,17
3176,林建志,False,0,17
3177,李淑芬,False,0,17
3178,王志强,False,1,17
3179,李淑芬,False,0,17
3180,王志强,False,1,17
3181,蔡宗翰,False,0,17
3182,陳柏霖,False,0,17
3183,王志强,False,1,17
3184,李淑芬,False,0,17
3185,李淑芬,False,0,17
3186,林建志,False,0,17
3187,林建志,False,0,17
3188,李淑惠,False,0,17
3189,林建志,False,0,17
3190,林建志,False,0,17
3191,陈秀兰,False,1,17
3192,陳柏霖,False,0,17
3193,李淑惠,False,0,17
3194,陳柏霖,False,0,17
3195,林建志,False,0,17
3196,王志强,False,1,17
3197,林建志,False,0,17
3198,林建志,False,0,17
3199,王志强,False,1,17
3200,李淑芬,False,0,17
3201,王志强,False,1,17
3202,陳柏霖,False,0,17
3203,王志强,False,1,17
3204,李淑芬,False,0,17
3205,林建志,False,0,17
3206,陳美玉,False,0,17
3207,李淑芬,False,0,17
3208,陳柏霖,False,0,17
3209,陳美玉,False,0,17
3210,李淑惠,False,0,17
3211,李淑惠,False,0,17
3212,李淑芬,False,0,17
3213,陈桂兰,False,1,17
3214,李桂花,False,1,17
3215,王志强,False,1,17
3216,林建志,False,0,17
3217,李桂花,False,1,17
3218,林建志,False,0,17
3219,李淑惠,False,0,17
3220,李桂花,False,1,17
3221,李淑惠,False,0,17
3222,李淑惠,False,0,17
3223,李淑芬,False,0,17
3224,王志强,False,1,17
3225,王志强,False,1,17
3226,林建志,False,0,17
3227,王志强,False,1,17
3228,王志强,False,1,17
3229,王志强,False,1,17
3230,李淑惠,False,0,17
3231,林建志,False,0,17
3232,李淑芬,False,0,17
3233,李桂花,False,1,17
3234,林建志,False,0,17
3235,李淑芬,False,0,17
3236,李淑惠,False,0,17
3237,李淑芬,False,0,17
3238,李桂花,False,1,17
3239,李淑惠,False,0,17
3240,林俊宏,False,0,18
3241,林俊宏,False,0,18
3242,林俊宏,False,0,18
3243,林彥廷,False,0,18
3244,林子傑,False,0,18
3245,林俊宏,False,0,18
3246,林子傑,False,0,18
3247,林子傑,False,0,18
3248,林秀美,False,0,18
3249,林子傑,False,0,18
3250,林俊宏,False,0,18
3251,林子傑,False,0,18
3252,林彥廷,False,0,18
3253,林秀美,False,0,18
3254,林俊宏,False,0,18
3255,林子傑,False,0,18
3256,林子傑,False,0,18
3257,林子傑,False,0,18
3258,林俊宏,False,0,18
3259,陳威廷,False,0,18
3260,林秀美,False,0,18
3261,林子傑,False,0,18
3262,林俊宏,False,0,18
3263,林子傑,False,0,18
3264,林子傑,False,0,18
3265,林秀美,False,0,18
3266,林俊宏,False,0,18
3267,林子傑,False,0,18
3268,林子傑,False,0,18
3269,林子傑,False,0,18
3270,林子傑,False,0,18
3271,林子傑,False,0,18
3272,林子傑,False,0,18
3273,林子傑,False,0,18
3274,林子傑,False,0,18
3275,林俊宏,False,0,18
3276,林俊宏,False,0,18
3277,林俊宏,False,0,18
3278,林俊宏,False,0,18
3279,林子傑,False,0,18
3280,林俊宏,False,0,18
3281,林俊宏,False,0,18
3282,林俊宏,False,0,18
3283,林子傑,False,0,18
3284,林子傑,False,0,18
3285,林俊宏,False,0,18
3286,林子傑,False,0,18
3287,林秀美,False,0,18
3288,林俊宏,False,0,18
3289,林子傑,False,0,18
3290,林彥廷,False,0,18
3291,李秀英,False,1,18
3292,林秀美,False,0,18
3293,林子傑,False,0,18
3294,林子傑,False,0,18
3295,林子傑,False,0,18
3296,林子傑,False,0,18
3297,林子傑,False,0,18
3298,林子傑,False,0,18
3299,林子傑,False,0,18
3300,林子傑,False,0,18
3301,林秀美,False,0,18
3302,林俊宏,False,0,18
3303,林俊宏,False,0,18
3304,林子傑,False,0,18
3305,林俊宏,False,0,18
3306,林子傑,False,0,18
3307,林俊宏,False,0,18
3308,林彥廷,False,0,18
3309,林子傑,False,0,18
3310,林秀美,False,0,18
3311,林子傑,False,0,18
3312,林秀美,False,0,18
3313,林俊宏,False,0,18
3314,林子傑,False,0,18
3315,林俊宏,False,0,18
3316,林子傑,False,0,18
3317,林子傑,False,0,18
3318,林俊宏,False,0,18
3319,林俊宏,False,0,18
3320,林俊宏,False,0,18
3321,林子傑,False,0,18
3322,林俊宏,False,0,18
3323,林俊宏,False,0,18
3324,林子傑,False,0,18
3325,林俊宏,False,0,18
3326,林彥廷,False,0,18
3327,林子傑,False,0,18
3328,林俊宏,False,0,18
3329,林秀美,False,0,18
3330,林俊宏,False,0,18
3331,林子傑,False,0,18
3332,林俊宏,False,0,18
3333,林子傑,False,0,18
3334,林俊宏,False,0,18
3335,林俊宏,False,0,18
3336,林子傑,False,0,18
3337,林秀美,False,0,18
3338,林子傑,False,0,18
3339,林俊宏,False,0,18
3340,林子傑,False,0,18
3341,林俊宏,False,0,18
3342,林俊宏,False,0,18
3343,林俊宏,False,0,18
3344,林子傑,False,0,18
3345,林子傑,False,0,18
3346,林子傑,False,0,18
3347,林子傑,False,0,18
3348,林子傑,False,0,18
3349,林俊宏,False,0,18
3350,林子傑,False,0,18
3351,林子傑,False,0,18
3352,林俊宏,False,0,18
3353,林子傑,False,0,18
3354,林子傑,False,0,18
3355,林子傑,False,0,18
3356,林俊宏,False,0,18
3357,林俊宏,False,0,18
3358,林子傑,False,0,18
3359,林子傑,False,0,18
3360,林俊宏,False,0,18
3361,林子傑,False,0,18
3362,林俊宏,False,0,18
3363,林子傑,False,0,18
3364,林俊宏,False,0,18
3365,林俊宏,False,0,18
3366,林子傑,False,0,18
3367,林俊宏,False,0,18
3368,林子傑,False,0,18
3369,林子傑,False,0,18
3370,林子傑,False,0,18
3371,林子傑,False,0,18
3372,林子傑,False,0,18
3373,林子傑,False,0,18
3374,林子傑,False,0,18
3375,林子傑,False,0,18
3376,林子傑,False,0,18
3377,林子傑,False,0,18
3378,林子傑,False,0,18
3379,林秀美,False,0,18
3380,林子傑,False,0,18
3381,林子傑,False,0,18
3382,林俊宏,False,0,18
3383,林子傑,False,0,18
3384,林俊宏,False,0,18
3385,林俊宏,False,0,18
3386,林子傑,False,0,18
3387,林子傑,False,0,18
3388,林子傑,False,0,18
3389,林子傑,False,0,18
3390,林俊宏,False,0,18
3391,林秀美,False,0,18
3392,林子傑,False,0,18
3393,林子傑,False,0,18
3394,林子傑,False,0,18
3395,林俊宏,False,0,18
3396,林俊宏,False,0,18
3397,林俊宏,False,0,18
3398,林子傑,False,0,18
3399,陳威廷,False,0,18
3400,林子傑,False,0,18
3401,林俊宏,False,0,18
3402,林秀美,False,0,18
3403,林子傑,False,0,18
3404,林子傑,False,0,18
3405,林子傑,False,0,18
3406,林俊宏,False,0,18
3407,林俊宏,False,0,18
3408,林秀美,False,0,18
3409,林俊宏,False,0,18
3410,林俊宏,False,0,18
3411,林俊宏,False,0,18
3412,林子傑,False,0,18
3413,林子傑,False,0,18
3414,林子傑,False,0,18
3415,林子傑,False,0,18
3416,林俊宏,False,0,18
3417,林俊宏,False,0,18
3418,林子傑,False,0,18
3419,林子傑,False,0,18
3420,李建华,False,1,19
3421,李建华,False,1,19
3422,李建华,False,1,19
3423,李建华,False,1,19
3424,李建军,False,1,19
3425,陳建宏,False,0,19
3426,李建国,False,1,19
3427,李建华,False,1,19
3428,李建国,False,1,19
3429,李建华,False,1,19
3430,陳建宏,False,0,19
3431,林明德,False,0,19
3432,李建华,False,1,19
3433,李建华,False,1,19
3434,李建华,False,1,19
3435,陳建宏,False,0,19
3436,陳建宏,False,0,19
3437,陳建宏,False,0,19
3438,李建华,False,1,19
3439,李建军,False,1,19
3440,陳建宏,False,0,19
3441,李建华,False,1,19
3442,李建华,False,1,19
3443,李建军,False,1,19
3444,李建国,False,1,19
3445,李建华,False,1,19
3446,李淑英,False,1,19
3447,李建华,False,1,19
3448,陳思妤,False,0,19
3449,李建华,False,1,19
3450,李建华,False,1,19
3451,陳建宏,False,0,19
3452,陳建宏,False,0,19
3453,李建华,False,1,19
3454,李建华,False,1,19
3455,陳建宏,False,0,19
3456,陳建宏,False,0,19
3457,李建国,False,1,19
3458,林明德,False,0,19
3459,李建华,False,1,19
3460,李建军,False,1,19
3461,李建华,False,1,19
3462,李建华,False,1,19
3463,林明德,False,0,19
3464,李建华,False,1,19
3465,李建国,False,1,19
3466,陳建宏,False,0,19
3467,李淑英,False,1,19
3468,陳志成,False,0,19
3469,李建军,False,1,19
3470,李建华,False,1,19
3471,陳建宏,False,0,19
3472,李玉华,False,1,19
3473,李建华,False,1,19
3474,李建华,False,1,19
3475,李淑英,False,1,19
3476,李建军,False,1,19
3477,陳思妤,False,0,19
3478,李建华,False,1,19
3479,李建华,False,1,19
3480,李建国,False,1,19
3481,李建华,False,1,19
3482,李建华,False,1,19
3483,陳建宏,False,0,19
3484,李建华,False,1,19
3485,李建华,False,1,19
3486,李建军,False,1,19
3487,李建华,False,1,19
3488,李建国,False,1,19
3489,李建华,False,1,19
3490,李建华,False,1,19
3491,陳俊佑,False,0,19
3492,李建国,False,1,19
3493,李建国,False,1,19
3494,陳建宏,False,0,19
3495,李建国,False,1,19
3496,李建军,False,1,19
3497,李建华,False,1,19
3498,李建华,False,1,19
3499,李淑英,False,1,19
3500,林明德,False,0,19
3501,陳志成,False,0,19
3502,李建军,False,1,19
3503,陳建宏,False,0,19
3504,陳思妤,False,0,19
3505,李建军,False,1,19
3506,李淑英,False,1,19
3507,李建华,False,1,19
3508,李建军,False,1,19
3509,李建华,False,1,19
3510,李玉华,False,1,19
3511,李建国,False,1,19
3512,李建华,False,1,19
3513,陳建宏,False,0,19
3514,李建国,False,1,19
3515,李建华,False,1,19
3516,李建国,False,1,19
3517,李建华,False,1,19
3518,李建华,False,1,19
3519,李建华,False,1,19
3520,李建华,False,1,19
3521,陳志成,False,0,19
3522,陳建宏,False,0,19
3523,陳志成,False,0,19
3524,陳建宏,False,0,19
3525,李建国,False,1,19
3526,李建国,False,1,19
3527,李建军,False,1,19
3528,陳建宏,False,0,19
3529,李建国,False,1,19
3530,李建军,False,1,19
3531,李建国,False,1,19
3532,李建华,False,1,19
3533,陳建宏,False,0,19
3534,李建华,False,1,19
3535,林明德,False,0,19
3536,李建华,False,1,19
3537,李建华,False,1,19
3538,李淑英,False,1,19
3539,李建华,False,1,19
3540,李建华,False,1,19
3541,李建华,False,1,19
3542,李建华,False,1,19
3543,陳志成,False,0,19
3544,李建国,False,1,19
3545,李建华,False,1,19
3546,李建华,False,1,19
3547,李建华,False,1,19
3548,李建华,False,1,19
3549,陳志成,False,0,19
3550,李建国,False,1,19
3551,李建军,False,1,19
3552,李建华,False,1,19
3553,李建华,False,1,19
3554,李建华,False,1,19
3555,李淑英,False,1,19
3556,李建华,False,1,19
3557,李建华,False,1,19
3558,李建华,False,1,19
3559,李建华,False,1,19
3560,李建国,False,1,19
3561,李建军,False,1,19
3562,陳建宏,False,0,19
3563,陳建宏,False,0,19
3564,李建华,False,1,19
3565,李淑英,False,1,19
3566,李玉华,False,1,19
3567,李建国,False,1,19
3568,李淑英,False,1,19
3569,陳建宏,False,0,19
3570,陳建宏,False,0,19
3571,李建华,False,1,19
3572,李建国,False,1,19
3573,李建华,False,1,19
3574,陳建宏,False,0,19
3575,陳建宏,False,0,19
3576,李建国,False,1,19
3577,李建华,False,1,19
3578,陳思妤,False,0,19
3579,陳建宏,False,0,19
3580,李淑英,False,1,19
3581,李建华,False,1,19
3582,李建华,False,1,19
3583,陳建宏,False,0,19
3584,李建国,False,1,19
3585,李建军,False,1,19
3586,陳俊佑,False,0,19
3587,李建国,False,1,19
3588,陳建宏,False,0,19
3589,陳建宏,False,0,19
3590,李建华,False,1,19
3591,陳建宏,False,0,19
3592,李建国,False,1,19
3593,李建华,False,1,19
3594,李建华,False,1,19
3595,李建华,False,1,19
3596,林明德,False,0,19
3597,李建国,False,1,19
3598,陳建宏,False,0,19
3599,李建华,False,1,19
3600,陳冠宇,False,0,20
3601,陳建志,False,0,20
3602,陳建志,False,0,20
3603,陳建志,False,0,20
3604,陳建志,False,0,20
3605,陳冠宇,False,0,20
3606,陳正雄,False,0,20
3607,陳建志,False,0,20
3608,陳建志,False,0,20
3609,陳建志,False,0,20
3610,陳建志,False,0,20
3611,陳建志,False,0,20
3612,陳建志,False,0,20
3613,陳建志,False,0,20
3614,陳俊宇,False,0,20
3615,陳怡如,False,0,20
3616,陳正雄,False,0,20
3617,陳建志,False,0,20
3618,陳冠宇,False,0,20
3619,陳建志,False,0,20
3620,陳建志,False,0,20
3621,陳冠宇,False,0,20
3622,陳建志,False,0,20
3623,陳建志,False,0,20
3624,陳建志,False,0,20
3625,陳建志,False,0,20
3626,陳冠宇,False,0,20
3627,陳建志,False,0,20
3628,陳冠宇,False,0,20
3629,陳建志,False,0,20
3630,陳冠宇,False,0,20
3631,陳建志,False,0,20
3632,陳建志,False,0,20
3633,陳正雄,False,0,20
3634,陳建志,False,0,20
3635,陳正雄,False,0,20
3636,陳麗美,False,0,20
3637,陳冠宇,False,0,20
3638,张家豪,True,-1,20
3639,陳建志,False,0,20
3640,陳建志,False,0,20
3641,陳俊宇,False,0,20
3642,陳冠宇,False,0,20
3643,陳正雄,False,0,20
3644,陳冠宇,False,0,20
3645,陳建志,False,0,20
3646,陳冠宇,False,0,20
3647,陳正雄,False,0,20
3648,陳正雄,False,0,20
3649,陳冠宇,False,0,20
3650,陳建志,False,0,20
3651,陳建志,False,0,20
3652,陳正雄,False,0,20
3653,陳冠宇,False,0,20
3654,陳正雄,False,0,20
3655,陳建志,False,0,20
3656,陳建志,False,0,20
3657,陳建志,False,0,20
3658,陳建志,False,0,20
3659,陳冠宇,False,0,20
3660,陳冠宇,False,0,20
3661,陳建志,False,0,20
3662,陳建志,False,0,20
3663,陳建志,False,0,20
3664,陳建志,False,0,20
3665,陳建志,False,0,20
3666,陳建志,False,0,20
3667,陳建志,False,0,20
3668,陳冠宇,False,0,20
3669,陳建志,False,0,20
3670,陳冠宇,False,0,20
3671,陳冠宇,False,0,20
3672,陳麗美,False,0,20
3673,陳冠宇,False,0,20
3674,陳冠宇,False,0,20
3675,陳俊宇,False,0,20
3676,陳建志,False,0,20
3677,陳俊宇,False,0,20
3678,张淑兰,False,1,20
3679,张淑兰,False,1,20
3680,张秀珍,False,1,20
3681,陳建志,False,0,20
3682,陳冠宇,False,0,20
3683,陳冠宇,False,0,20
3684,陳冠宇,False,0,20
3685,陳冠宇,False,0,20
3686,陳建志,False,0,20
3687,陳俊宇,False,0,20
3688,陳建志,False,0,20
3689,陳建志,False,0,20
3690,陳俊宇,False,0,20
3691,陳建志,False,0,20
3692,陳俊宇,False,0,20
3693,陳冠宇,False,0,20
3694,陳建志,False,0,20
3695,张淑兰,False,1,20
3696,陳冠宇,False,0,20
3697,陳麗美,False,0,20
3698,陳正雄,False,0,20
3699,陳冠宇,False,0,20
3700,陳怡如,False,0,20
3701,陳冠宇,False,0,20
3702,陳家豪,True,-1,20
3703,陳建志,False,0,20
3704,陳建志,False,0,20
3705,陳建志,False,0,20
3706,陳冠宇,False,0,20
3707,陳冠宇,False,0,20
3708,陳俊宇,False,0,20
3709,陳建志,False,0,20
3710,陳建志,False,0,20
3711,陳建志,False,0,20
3712,陳冠宇,False,0,20
3713,陳俊宇,False,0,20
3714,陳冠宇,False,0,20
3715,陳建志,False,0,20
3716,陳建志,False,0,20
3717,陳俊宇,False,0,20
3718,陳建志,False,0,20
3719,陳俊宇,False,0,20
3720,陳建志,False,0,20
3721,陳建志,False,0,20
3722,陳建志,False,0,20
3723,陳建志,False,0,20
3724,陳冠宇,False,0,20
3725,陳建志,False,0,20
3726,陳建志,False,0,20
3727,陳建志,False,0,20
3728,陳麗娟,False,0,20
3729,陳建志,False,0,20
3730,許家豪,False,0,20
3731,陳正雄,False,0,20
3732,許家豪,False,0,20
3733,陳建志,False,0,20
3734,陳冠宇,False,0,20
3735,陳冠宇,False,0,20
3736,陳建志,False,0,20
3737,陳俊宇,False,0,20
3738,陳建志,False,0,20
3739,陳建志,False,0,20
3740,陳建志,False,0,20
3741,张家豪,True,-1,20
3742,陳建志,False,0,20
3743,陳冠宇,False,0,20
3744,陳建志,False,0,20
3745,陳建志,False,0,20
3746,陳冠宇,False,0,20
3747,陳建志,False,0,20
3748,陳冠宇,False,0,20
3749,陳冠宇,False,0,20
3750,陳正雄,False,0,20
3751,陳建志,False,0,20
3752,陳俊宇,False,0,20
3753,陳建志,False,0,20
3754,陳建志,False,0,20
3755,陳建志,False,0,20
3756,陳建志,False,0,20
3757,陳建志,False,0,20
3758,陳建志,False,0,20
3759,陳冠宇,False,0,20
3760,陳正雄,False,0,20
3761,陳建志,False,0,20
3762,陳俊宇,False,0,20
3763,陳冠宇,False,0,20
3764,陳冠宇,False,0,20
3765,陳冠宇,False,0,20
3766,陳冠宇,False,0,20
3767,陳建志,False,0,20
3768,陳冠宇,False,0,20
3769,陳冠宇,False,0,20
3770,陳建志,False,0,20
3771,陳建志,False,0,20
3772,陳建志,False,0,20
3773,陳建志,False,0,20
3774,陳建志,False,0,20
3775,陳建志,False,0,20
3776,陳建志,False,0,20
3777,陳建志,False,0,20
3778,陳俊宇,False,0,20
3779,陳冠宇,False,0,20
3780,张志强,False,1,21
3781,张秀荣,False,1,21
3782,张秀荣,False,1,21
3783,张志强,False,1,21
3784,张秀荣,False,1,21
3785,张志强,False,1,21
3786,陳俊銘,False,0,21
3787,王建华,False,1,21
3788,张志强,False,1,21
3789,张秀荣,False,1,21
3790,张志强,False,1,21
3791,陳柏睿,False,0,21
3792,张秀荣,False,1,21
3793,张志强,False,1,21
3794,陳柏睿,False,0,21
3795,张志强,False,1,21
3796,张志强,False,1,21
3797,张志强,False,1,21
3798,张志强,False,1,21
3799,张志强,False,1,21
3800,张志强,False,1,21
3801,张志强,False,1,21
3802,张志强,False,1,21
3803,陳柏睿,False,0,21
3804,张志强,False,1,21
3805,张志强,False,1,21
3806,张秀荣,False,1,21
3807,张志强,False,1,21
3808,王建华,False,1,21
3809,陳柏諺,False,0,21
3810,张志强,False,1,21
3811,陳柏諺,False,0,21
3812,张志强,False,1,21
3813,张志强,False,1,21
3814,张秀荣,False,1,21
3815,陳柏睿,False,0,21
3816,陳柏諺,False,0,21
3817,陳淑美,False,0,21
3818,张志强,False,1,21
3819,陳柏諺,False,0,21
3820,张志强,False,1,21
3821,张志强,False,1,21
3822,张志强,False,1,21
3823,张志强,False,1,21
3824,张志强,False,1,21
3825,张志强,False,1,21
3826,王建华,False,1,21
3827,张志强,False,1,21
3828,张志强,False,1,21
3829,陳柏睿,False,0,21
3830,陳柏諺,False,0,21
3831,张志强,False,1,21
3832,陳柏諺,False,0,21
3833,张志强,False,1,21
3834,陳柏諺,False,0,21
3835,张志强,False,1,21
3836,张志强,False,1,21
3837,张志强,False,1,21
3838,张志强,False,1,21
3839,张志强,False,1,21
3840,王建华,False,1,21
3841,张志强,False,1,21
3842,张志强,False,1,21
3843,陳俊銘,False,0,21
3844,张志强,False,1,21
3845,陳俊銘,False,0,21
3846,张志强,False,1,21
3847,张志强,False,1,21
3848,王建华,False,1,21
3849,张志强,False,1,21
3850,王建华,False,1,21
3851,张志强,False,1,21
3852,张志强,False,1,21
3853,王建华,False,1,21
3854,张志强,False,1,21
3855,王建华,False,1,21
3856,张志强,False,1,21
3857,张志强,False,1,21
3858,张志强,False,1,21
3859,张志强,False,1,21
3860,王建华,False,1,21
3861,陳柏睿,False,0,21
3862,王建华,False,1,21
3863,张志强,False,1,21
3864,陳柏睿,False,0,21
3865,张志强,False,1,21
3866,王建华,False,1,21
3867,陳俊銘,False,0,21
3868,陳柏睿,False,0,21
3869,张志强,False,1,21
3870,张志强,False,1,21
3871,陳柏諺,False,0,21
3872,陳柏睿,False,0,21
3873,张志强,False,1,21
3874,陳柏諺,False,0,21
3875,陳柏睿,False,0,21
3876,陳柏睿,False,0,21
3877,张志强,False,1,21
3878,张志强,False,1,21
3879,张志强,False,1,21
3880,张志强,False,1,21
3881,张志强,False,1,21
3882,张志强,False,1,21
3883,张志强,False,1,21
3884,陳俊銘,False,0,21
3885,陳宥廷,False,0,21
3886,陳柏睿,False,0,21
3887,王建华,False,1,21
3888,张秀荣,False,1,21
3889,陳俊銘,False,0,21
3890,陳柏諺,False,0,21
3891,张志强,False,1,21
3892,陳柏睿,False,0,21
3893,张志强,False,1,21
3894,陳柏睿,False,0,21
3895,张秀荣,False,1,21
3896,张志强,False,1,21
3897,张志强,False,1,21
3898,张志强,False,1,21
3899,陳柏睿,False,0,21
3900,陳柏睿,False,0,21
3901,张志强,False,1,21
3902,张志强,False,1,21
3903,张志强,False,1,21
3904,陳柏睿,False,0,21
3905,张志强,False,1,21
3906,王建华,False,1,21
3907,张志强,False,1,21
3908,张志强,False,1,21
3909,张志强,False,1,21
3910,张志强,False,1,21
3911,王建华,False,1,21
3912,王建华,False,1,21
3913,张志强,False,1,21
3914,张志强,False,1,21
3915,张志强,False,1,21
3916,陳柏睿,False,0,21
3917,陳俊銘,False,0,21
3918,张志强,False,1,21
3919,王建华,False,1,21
3920,陳柏睿,False,0,21
3921,陳淑美,False,0,21
3922,张志强,False,1,21
3923,张秀荣,False,1,21
3924,张志强,False,1,21
3925,张志强,False,1,21
3926,陳柏睿,False,0,21
3927,张志强,False,1,21
3928,陳柏諺,False,0,21
3929,张志强,False,1,21
3930,陳俊銘,False,0,21
3931,陳柏睿,False,0,21
3932,张志强,False,1,21
3933,陳淑美,False,0,21
3934,张志强,False,1,21
3935,陳俊銘,False,0,21
3936,张志强,False,1,21
3937,王建华,False,1,21
3938,张秀荣,False,1,21
3939,张秀荣,False,1,21
3940,杨秀珍,False,1,21
3941,张志强,False,1,21
3942,陳俊銘,False,0,21
3943,张志强,False,1,21
3944,张志强,False,1,21
3945,陳柏諺,False,0,21
3946,张志强,False,1,21
3947,陳柏睿,False,0,21
3948,张志强,False,1,21
3949,陳柏諺,False,0,21
3950,张志强,False,1,21
3951,陳怡伶,False,0,21
3952,张志强,False,1,21
3953,张志强,False,1,21
3954,陳柏睿,False,0,21
3955,张志强,False,1,21
3956,陳柏睿,False,0,21
3957,王建华,False,1,21
3958,张志强,False,1,21
3959,张秀荣,False,1,21
3960,陳秀鳳,False,0,22
3961,张志豪,True,-1,22
3962,張志豪,False,0,22
3963,張淑娟,False,0,22
3964,张家瑋,True,-1,22
3965,张淑英,False,1,22
3966,张家瑋,True,-1,22
3967,張家瑋,False,0,22
3968,張家瑋,False,0,22
3969,陳美玲,False,0,22
3970,张志豪,True,-1,22
3971,張淑娟,False,0,22
3972,張志豪,False,0,22
3973,張家瑋,False,0,22
3974,張家瑋,False,0,22
3975,张家瑋,True,-1,22
3976,張志豪,False,0,22
3977,张家瑋,True,-1,22
3978,张淑英,False,1,22
3979,陳美玲,False,0,22
3980,張淑娟,False,0,22
3981,張志豪,False,0,22
3982,張淑娟,False,0,22
3983,張淑娟,False,0,22
3984,張志豪,False,0,22
3985,張家瑋,False,0,22
3986,張志豪,False,0,22
3987,張家瑋,False,0,22
3988,張淑娟,False,0,22
3989,张志豪,True,-1,22
3990,張志豪,False,0,22
3991,张家瑋,True,-1,22
3992,张家瑋,True,-1,22
3993,张家瑋,True,-1,22
3994,张桂荣,False,1,22
3995,張家瑋,False,0,22
3996,張志豪,False,0,22
3997,張淑娟,False,0,22
3998,張志豪,False,0,22
3999,張志豪,False,0,22
4000,張家瑋,False,0,22
4001,張家瑋,False,0,22
4002,李秀梅,False,1,22
4003,張家瑋,False,0,22
4004,張志豪,False,0,22
4005,王海燕,False,1,22
4006,张淑英,False,1,22
4007,张志豪,True,-1,22
4008,张志豪,True,-1,22
4009,張志豪,False,0,22
4010,張志豪,False,0,22
4011,張志豪,False,0,22
4012,张志豪,True,-1,22
4013,張志豪,False,0,22
4014,張志豪,False,0,22
4015,張志豪,False,0,22
4016,張志豪,False,0,22
4017,张家瑋,True,-1,22
4018,張志豪,False,0,22
4019,张凤英,False,1,22
4020,張淑娟,False,0,22
4021,张志豪,True,-1,22
4022,張志豪,False,0,22
4023,张志豪,True,-1,22
4024,张桂荣,False,1,22
4025,張家瑋,False,0,22
4026,張家瑋,False,0,22
4027,張家瑋,False,0,22
4028,张凤英,False,1,22
4029,陳美玲,False,0,22
4030,張志豪,False,0,22
4031,张桂荣,False,1,22
4032,張淑娟,False,0,22
4033,张家瑋,True,-1,22
4034,張志豪,False,0,22
4035,張家瑋,False,0,22
4036,張志豪,False,0,22
4037,林美惠,False,0,22
4038,王海燕,False,1,22
4039,张志豪,True,-1,22
4040,张家瑋,True,-1,22
4041,张淑英,False,1,22
4042,张家瑋,True,-1,22
4043,林美惠,False,0,22
4044,張家瑋,False,0,22
4045,張家瑋,False,0,22
4046,張志豪,False,0,22
4047,張志豪,False,0,22
4048,张家瑋,True,-1,22
4049,张凤英,False,1,22
4050,王海燕,False,1,22
4051,張志豪,False,0,22
4052,張志豪,False,0,22
4053,張志豪,False,0,22
4054,张家瑋,True,-1,22
4055,陳秀鳳,False,0,22
4056,张志豪,True,-1,22
4057,张志豪,True,-1,22
4058,張志豪,False,0,22
4059,張家瑋,False,0,22
4060,張志豪,False,0,22
4061,張志豪,False,0,22
4062,張志豪,False,0,22
4063,張志豪,False,0,22
4064,張志豪,False,0,22
4065,張志豪,False,0,22
4066,张凤英,False,1,22
4067,張志豪,False,0,22
4068,張志豪,False,0,22
4069,張志豪,False,0,22
4070,張志豪,False,0,22
4071,张志豪,True,-1,22
4072,张志豪,True,-1,22
4073,张凤英,False,1,22
4074,張志豪,False,0,22
4075,張志豪,False,0,22
4076,張志豪,False,0,22
4077,张凤英,False,1,22
4078,張志豪,False,0,22
4079,张家瑋,True,-1,22
4080,张志豪,True,-1,22
4081,王海燕,False,1,22
4082,张凤英,False,1,22
4083,張家瑋,False,0,22
4084,張志豪,False,0,22
4085,张凤英,False,1,22
4086,张凤英,False,1,22
4087,林美惠,False,0,22
4088,张淑英,False,1,22
4089,张家瑋,True,-1,22
4090,张志豪,True,-1,22
4091,張家瑋,False,0,22
4092,张家瑋,True,-1,22
4093,林淑華,False,0,22
4094,林淑華,False,0,22
4095,張志豪,False,0,22
4096,张凤英,False,1,22
4097,林美惠,False,0,22
4098,張志豪,False,0,22
4099,王海燕,False,1,22
4100,张志豪,True,-1,22
4101,張志豪,False,0,22
4102,張志豪,False,0,22
4103,張志豪,False,0,22
4104,張家瑋,False,0,22
4105,张志豪,True,-1,22
4106,張志豪,False,0,22
4107,林美惠,False,0,22
4108,张淑英,False,1,22
4109,張志豪,False,0,22
4110,张家瑋,True,-1,22
4111,張淑娟,False,0,22
4112,張志豪,False,0,22
4113,张凤英,False,1,22
4114,張家瑋,False,0,22
4115,張志豪,False,0,22
4116,张志豪,True,-1,22
4117,张家瑋,True,-1,22
4118,張志豪,False,0,22
4119,王海燕,False,1,22
4120,張家瑋,False,0,22
4121,張志豪,False,0,22
4122,張志豪,False,0,22
4123,張家瑋,False,0,22
4124,張志豪,False,0,22
4125,張家瑋,False,0,22
4126,张桂荣,False,1,22
4127,張志豪,False,0,22
4128,李秀梅,False,1,22
4129,張志豪,False,0,22
4130,张家瑋,True,-1,22
4131,張志豪,False,0,22
4132,张家瑋,True,-1,22
4133,李秀梅,False,1,22
4134,張家瑋,False,0,22
4135,张家瑋,True,-1,22
4136,张凤英,False,1,22
4137,張志豪,False,0,22
4138,張志豪,False,0,22
4139,張志豪,False,0,22
4140,陳志銘,False,0,23
4141,李宗翰,False,0,23
4142,林美玲,False,0,23
4143,陳建成,False,0,23
4144,李春梅,False,1,23
4145,李春梅,False,1,23
4146,陳冠霖,False,0,23
4147,陳建成,False,0,23
4148,陳志銘,False,0,23
4149,陳志銘,False,0,23
4150,陳建成,False,0,23
4151,陳冠霖,False,0,23
4152,張家銘,False,0,23
4153,李宗翰,False,0,23
4154,林美玲,False,0,23
4155,陳志銘,False,0,23
4156,陳建成,False,0,23
4157,张秀荣,False,1,23
4158,陳俊宇,False,0,23
4159,陳建成,False,0,23
4160,陳冠霖,False,0,23
4161,陳俊宇,False,0,23
4162,李宗翰,False,0,23
4163,李宗翰,False,0,23
4164,李宗翰,False,0,23
4165,李宗翰,False,0,23
4166,陳冠霖,False,0,23
4167,陳冠霖,False,0,23
4168,李宗翰,False,0,23
4169,李宗翰,False,0,23
4170,李宗翰,False,0,23
4171,李宗翰,False,0,23
4172,陳建成,False,0,23
4173,李宗翰,False,0,23
4174,李宗翰,False,0,23
4175,陳冠霖,False,0,23
4176,陳建成,False,0,23
4177,陳建成,False,0,23
4178,張家銘,False,0,23
4179,李宗翰,False,0,23
4180,李宗翰,False,0,23
4181,陳建成,False,0,23
4182,陳建成,False,0,23
4183,陳建成,False,0,23
4184,陳俊宇,False,0,23
4185,陳建成,False,0,23
4186,李宗翰,False,0,23
4187,陳建成,False,0,23
4188,李宗翰,False,0,23
4189,张秀荣,False,1,23
4190,李宗翰,False,0,23
4191,陳建成,False,0,23
4192,陳建成,False,0,23
4193,李春梅,False,1,23
4194,李宗翰,False,0,23
4195,陳建成,False,0,23
4196,李宗翰,False,0,23
4197,陳志銘,False,0,23
4198,李宗翰,False,0,23
4199,李宗翰,False,0,23
4200,陳志銘,False,0,23
4201,李宗翰,False,0,23
4202,李宗翰,False,0,23
4203,陳建成,False,0,23
4204,李宗翰,False,0,23
4205,陳建成,False,0,23
4206,李宗翰,False,0,23
4207,陳俊宇,False,0,23
4208,陳建成,False,0,23
4209,張家銘,False,0,23
4210,李春梅,False,1,23
4211,陳建成,False,0,23
4212,李春梅,False,1,23
4213,陳建成,False,0,23
4214,张秀荣,False,1,23
4215,陳冠霖,False,0,23
4216,陳建成,False,0,23
4217,陳建成,False,0,23
4218,陳冠霖,False,0,23
4219,張家銘,False,0,23
4220,陳冠霖,False,0,23
4221,李宗翰,False,0,23
4222,陳建成,False,0,23
4223,李宗翰,False,0,23
4224,李宗翰,False,0,23
4225,陳冠霖,False,0,23
4226,李春梅,False,1,23
4227,李宗翰,False,0,23
4228,陳冠霖,False,0,23
4229,張淑貞,False,0,23
4230,陳志銘,False,0,23
4231,陳建成,False,0,23
4232,陳冠霖,False,0,23
4233,陳建成,False,0,23
4234,陳建成,False,0,23
4235,李宗翰,False,0,23
4236,陳建成,False,0,23
4237,陳建成,False,0,23
4238,陳俊宇,False,0,23
4239,李宗翰,False,0,23
4240,陳俊宇,False,0,23
4241,陳冠霖,False,0,23
4242,陳建成,False,0,23
4243,陳冠霖,False,0,23
4244,张秀荣,False,1,23
4245,李宗翰,False,0,23
4246,李宗翰,False,0,23
4247,李宗翰,False,0,23
4248,李春梅,False,1,23
4249,陳建成,False,0,23
4250,陳俊宇,False,0,23
4251,李宗翰,False,0,23
4252,陳冠霖,False,0,23
4253,陳建成,False,0,23
4254,陳建成,False,0,23
4255,陳俊宇,False,0,23
4256,李宗翰,False,0,23
4257,张秀荣,False,1,23
4258,李宗翰,False,0,23
4259,李宗翰,False,0,23
4260,陳建成,False,0,23
4261,陳志銘,False,0,23
4262,張家銘,False,0,23
4263,陳冠霖,False,0,23
4264,陳志銘,False,0,23
4265,張家銘,False,0,23
4266,陳建成,False,0,23
4267,李春梅,False,1,23
4268,陳建成,False,0,23
4269,張淑貞,False,0,23
4270,陳建成,False,0,23
4271,陳冠霖,False,0,23
4272,陳冠霖,False,0,23
4273,陳俊宇,False,0,23
4274,陳建成,False,0,23
4275,陳建成,False,0,23
4276,陳建成,False,0,23
4277,陳俊宇,False,0,23
4278,陳俊宇,False,0,23
4279,陳建成,False,0,23
4280,李宗翰,False,0,23
4281,李宗翰,False,0,23
4282,陳建成,False,0,23
4283,李宗翰,False,0,23
4284,李宗翰,False,0,23
4285,陳建成,False,0,23
4286,陳建成,False,0,23
4287,陳建成,False,0,23
4288,张秀荣,False,1,23
4289,李宗翰,False,0,23
4290,陳冠霖,False,0,23
4291,陳俊宇,False,0,23
4292,陳冠霖,False,0,23
4293,李宗翰,False,0,23
4294,李宗翰,False,0,23
4295,陳志銘,False,0,23
4296,陳建成,False,0,23
4297,林麗娟,False,0,23
4298,李宗翰,False,0,23
4299,李宗翰,False,0,23
4300,李宗翰,False,0,23
4301,陳志銘,False,0,23
4302,李宗翰,False,0,23
4303,李宗翰,False,0,23
4304,陳建成,False,0,23
4305,李宗翰,False,0,23
4306,李宗翰,False,0,23
4307,陳冠霖,False,0,23
4308,陳建成,False,0,23
4309,張淑貞,False,0,23
4310,李宗翰,False,0,23
4311,李玉珍,False,1,23
4312,陳冠霖,False,0,23
4313,李宗翰,False,0,23
4314,李宗翰,False,0,23
4315,陳冠霖,False,0,23
4316,陳建成,False,0,23
4317,李宗翰,False,0,23
4318,李宗翰,False,0,23
4319,陳冠霖,False,0,23
4320,陳俊豪,False,0,24
4321,李桂芝,False,1,24
4322,陳俊豪,False,0,24
4323,王建华,False,1,24
4324,陳俊豪,False,0,24
4325,陳俊豪,False,0,24
4326,陳俊豪,False,0,24
4327,陳俊銘,False,0,24
4328,陳俊豪,False,0,24
4329,陳俊豪,False,0,24
4330,陳俊良,False,0,24
4331,陳俊豪,False,0,24
4332,陳俊豪,False,0,24
4333,陳俊銘,False,0,24
4334,陳俊豪,False,0,24
4335,王建华,False,1,24
4336,张红梅,False,1,24
4337,陳俊良,False,0,24
4338,陳俊豪,False,0,24
4339,陳俊豪,False,0,24
4340,张秀荣,False,1,24
4341,陳俊豪,False,0,24
4342,陳俊良,False,0,24
4343,陳俊豪,False,0,24
4344,陳俊豪,False,0,24
4345,陳秀美,False,0,24
4346,张秀荣,False,1,24
4347,张丽丽,False,1,24
4348,陳俊銘,False,0,24
4349,张红梅,False,1,24
4350,陳俊銘,False,0,24
4351,张秀荣,False,1,24
4352,陳俊豪,False,0,24
4353,陳俊豪,False,0,24
4354,陳俊豪,False,0,24
4355,张红梅,False,1,24
4356,张红梅,False,1,24
4357,陳俊豪,False,0,24
4358,张丽丽,False,1,24
4359,陳俊豪,False,0,24
4360,陳俊良,False,0,24
4361,张丽丽,False,1,24
4362,陳俊豪,False,0,24
4363,张红梅,False,1,24
4364,陳俊豪,False,0,24
4365,张红梅,False,1,24
4366,陳俊良,False,0,24
4367,陳俊豪,False,0,24
4368,陳俊豪,False,0,24
4369,张秀荣,False,1,24
4370,陳俊豪,False,0,24
4371,陳俊豪,False,0,24
4372,陳俊豪,False,0,24
4373,张秀荣,False,1,24
4374,王秀英,False,1,24
4375,陳俊良,False,0,24
4376,陳秀美,False,0,24
4377,陳俊豪,False,0,24
4378,李淑惠,False,0,24
4379,王建华,False,1,24
4380,陳俊豪,False,0,24
4381,陳俊豪,False,0,24
4382,张红梅,False,1,24
4383,张秀荣,False,1,24
4384,张丽丽,False,1,24
4385,陳俊良,False,0,24
4386,陳秀美,False,0,24
4387,陳俊豪,False,0,24
4388,张红梅,False,1,24
4389,陳秀美,False,0,24
4390,陳秀美,False,0,24
4391,陳俊豪,False,0,24
4392,张丽丽,False,1,24
4393,陳俊銘,False,0,24
4394,陳俊豪,False,0,24
4395,陳俊良,False,0,24
4396,张秀荣,False,1,24
4397,张红梅,False,1,24
4398,张丽丽,False,1,24
4399,陳俊豪,False,0,24
4400,陳俊豪,False,0,24
4401,陳俊豪,False,0,24
4402,张秀荣,False,1,24
4403,陳俊銘,False,0,24
4404,陳俊豪,False,0,24
4405,张秀荣,False,1,24
4406,张秀荣,False,1,24
4407,陳俊豪,False,0,24
4408,张秀荣,False,1,24
4409,王建华,False,1,24
4410,陳俊豪,False,0,24
4411,王建华,False,1,24
4412,陳俊銘,False,0,24
4413,陳俊豪,False,0,24
4414,陳俊豪,False,0,24
4415,陳秀美,False,0,24
4416,陳俊豪,False,0,24
4417,陳俊豪,False,0,24
4418,陳俊銘,False,0,24
4419,陳俊良,False,0,24
4420,张秀荣,False,1,24
4421,张红梅,False,1,24
4422,陳俊良,False,0,24
4423,陳俊豪,False,0,24
4424,王建华,False,1,24
4425,陳俊豪,False,0,24
4426,陳俊良,False,0,24
4427,张秀荣,False,1,24
4428,陳俊良,False,0,24
4429,李淑惠,False,0,24
4430,陳俊豪,False,0,24
4431,张秀荣,False,1,24
4432,陳俊豪,False,0,24
4433,陳俊良,False,0,24
4434,陳秀美,False,0,24
4435,陳俊豪,False,0,24
4436,陳俊良,False,0,24
4437,陳俊豪,False,0,24
4438,陳俊豪,False,0,24
4439,陳俊豪,False,0,24
4440,陳秀美,False,0,24
4441,王建华,False,1,24
4442,张秀荣,False,1,24
4443,陳俊豪,False,0,24
4444,陳俊豪,False,0,24
4445,陳俊豪,False,0,24
4446,张丽丽,False,1,24
4447,陳俊良,False,0,24
4448,陳俊豪,False,0,24
4449,陳俊豪,False,0,24
4450,李桂芝,False,1,24
4451,陳俊豪,False,0,24
4452,陳秀美,False,0,24
4453,陳俊豪,False,0,24
4454,陳俊豪,False,0,24
4455,王建华,False,1,24
4456,陳俊銘,False,0,24
4457,张秀荣,False,1,24
4458,陳俊豪,False,0,24
4459,张秀荣,False,1,24
4460,张秀荣,False,1,24
4461,张秀荣,False,1,24
4462,陳俊銘,False,0,24
4463,陳俊豪,False,0,24
4464,陳俊豪,False,0,24
4465,陳俊銘,False,0,24
4466,张秀荣,False,1,24
4467,陳俊豪,False,0,24
4468,陳俊豪,False,0,24
4469,陳俊豪,False,0,24
4470,张红梅,False,1,24
4471,陳俊銘,False,0,24
4472,陳俊良,False,0,24
4473,张秀荣,False,1,24
4474,张秀荣,False,1,24
4475,陳俊豪,False,0,24
4476,张秀荣,False,1,24
4477,陳俊豪,False,0,24
4478,张红梅,False,1,24
4479,陳俊豪,False,0,24
4480,张秀荣,False,1,24
4481,陳俊豪,False,0,24
4482,陳俊豪,False,0,24
4483,张红梅,False,1,24
4484,陳俊豪,False,0,24
4485,张红梅,False,1,24
4486,陳俊豪,False,0,24
4487,陳俊豪,False,0,24
4488,张秀荣,False,1,24
4489,陳俊豪,False,0,24
4490,陳俊豪,False,0,24
4491,陳俊良,False,0,24
4492,陳俊良,False,0,24
4493,陳俊豪,False,0,24
4494,陳俊豪,False,0,24
4495,张淑英,False,1,24
4496,王秀英,False,1,24
4497,张秀荣,False,1,24
4498,陳俊銘,False,0,24
4499,陳俊豪,False,0,24
4500,陳威宇,False,0,25
4501,陳美麗,False,0,25
4502,陳威宇,False,0,25
4503,陳奕安,False,0,25
4504,陳威宇,False,0,25
4505,陳威宇,False,0,25
4506,陳威宇,False,0,25
4507,陳美麗,False,0,25
4508,陳奕安,False,0,25
4509,陳奕安,False,0,25
4510,陳威宇,False,0,25
4511,陳威宇,False,0,25
4512,陳威宇,False,0,25
4513,陳美麗,False,0,25
4514,陳美麗,False,0,25
4515,陳威宇,False,0,25
4516,陳奕安,False,0,25
4517,陳威宇,False,0,25
4518,陳奕安,False,0,25
4519,陳奕安,False,0,25
4520,陳俊雄,False,0,25
4521,陳威宇,False,0,25
4522,陳威宇,False,0,25
4523,陳威宇,False,0,25
4524,陳美麗,False,0,25
4525,陳威宇,False,0,25
4526,陳威宇,False,0,25
4527,陳威宇,False,0,25
4528,陳威宇,False,0,25
4529,李秀荣,False,1,25
4530,陳俊雄,False,0,25
4531,陳俊雄,False,0,25
4532,陳文雄,False,0,25
4533,陳俊雄,False,0,25
4534,陳威宇,False,0,25
4535,陳威宇,False,0,25
4536,李秀荣,False,1,25
4537,陳俊雄,False,0,25
4538,陳美麗,False,0,25
4539,陳文雄,False,0,25
4540,陳威宇,False,0,25
4541,李秀梅,False,1,25
4542,陳奕安,False,0,25
4543,李秀梅,False,1,25
4544,陳美麗,False,0,25
4545,陳威宇,False,0,25
4546,陳威宇,False,0,25
4547,陳奕安,False,0,25
4548,陳文雄,False,0,25
4549,陳威宇,False,0,25
4550,陈建华,False,1,25
4551,陳俊雄,False,0,25
4552,陳威宇,False,0,25
4553,陳俊雄,False,0,25
4554,陳威宇,False,0,25
4555,陳威宇,False,0,25
4556,李秀荣,False,1,25
4557,陳威宇,False,0,25
4558,陳奕安,False,0,25
4559,陳俊雄,False,0,25
4560,陳俊雄,False,0,25
4561,陳俊雄,False,0,25
4562,李秀荣,False,1,25
4563,李秀荣,False,1,25
4564,陳威宇,False,0,25
4565,陳威宇,False,0,25
4566,陳威宇,False,0,25
4567,李秀梅,False,1,25
4568,陳奕安,False,0,25
4569,陳威宇,False,0,25
4570,陳威宇,False,0,25
4571,陳威宇,False,0,25
4572,陳威宇,False,0,25
4573,陳俊雄,False,0,25
4574,陳奕安,False,0,25
4575,陳俊雄,False,0,25
4576,陳威宇,False,0,25
4577,陳威宇,False,0,25
4578,陳文雄,False,0,25
4579,陳威宇,False,0,25
4580,李秀荣,False,1,25
4581,陳威宇,False,0,25
4582,陳威宇,False,0,25
4583,李秀荣,False,1,25
4584,陳威宇,False,0,25
4585,陳威宇,False,0,25
4586,陳美麗,False,0,25
4587,陳威宇,False,0,25
4588,陳美麗,False,0,25
4589,陳俊雄,False,0,25
4590,陳俊雄,False,0,25
4591,陳威宇,False,0,25
4592,李秀荣,False,1,25
4593,陳奕安,False,0,25
4594,陳威宇,False,0,25
4595,陈玉兰,False,1,25
4596,陳俊雄,False,0,25
4597,陈玉兰,False,1,25
4598,陳威宇,False,0,25
4599,陳俊雄,False,0,25
4600,陳威宇,False,0,25
4601,陳威宇,False,0,25
4602,李秀荣,False,1,25
4603,李秀梅,False,1,25
4604,李秀荣,False,1,25
4605,陳威宇,False,0,25
4606,陳威宇,False,0,25
4607,陳文雄,False,0,25
4608,李秀荣,False,1,25
4609,陳威宇,False,0,25
4610,陳威宇,False,0,25
4611,陳威宇,False,0,25
4612,陳奕安,False,0,25
4613,陈建华,False,1,25
4614,陳威宇,False,0,25
4615,陳威宇,False,0,25
4616,陳威宇,False,0,25
4617,陈建华,False,1,25
4618,陳俊雄,False,0,25
4619,陳威宇,False,0,25
4620,陳威宇,False,0,25
4621,陳威宇,False,0,25
4622,陳威宇,False,0,25
4623,陳俊雄,False,0,25
4624,陳奕安,False,0,25
4625,陳俊雄,False,0,25
4626,陳俊雄,False,0,25
4627,陳威宇,False,0,25
4628,陳威宇,False,0,25
4629,陳俊雄,False,0,25
4630,李秀荣,False,1,25
4631,陳俊雄,False,0,25
4632,陳威宇,False,0,25
4633,李秀荣,False,1,25
4634,陳威宇,False,0,25
4635,陳威宇,False,0,25
4636,李秀荣,False,1,25
4637,陳威宇,False,0,25
4638,李秀荣,False,1,25
4639,陳俊雄,False,0,25
4640,陳美麗,False,0,25
4641,陳美麗,False,0,25
4642,李秀荣,False,1,25
4643,陳威宇,False,0,25
4644,陳奕安,False,0,25
4645,李秀梅,False,1,25
4646,陳奕安,False,0,25
4647,陳威宇,False,0,25
4648,陳威宇,False,0,25
4649,陳威宇,False,0,25
4650,陈建华,False,1,25
4651,陳文雄,False,0,25
4652,陳威宇,False,0,25
4653,陳俊雄,False,0,25
4654,陳俊雄,False,0,25
4655,陳威宇,False,0,25
4656,陳俊雄,False,0,25
4657,陳俊雄,False,0,25
4658,陳威宇,False,0,25
4659,陳威宇,False,0,25
4660,陳奕安,False,0,25
4661,陳威宇,False,0,25
4662,陳威宇,False,0,25
4663,陳威宇,False,0,25
4664,陳俊雄,False,0,25
4665,陈建华,False,1,25
4666,陳威宇,False,0,25
4667,陳威宇,False,0,25
4668,陳威宇,False,0,25
4669,李秀荣,False,1,25
4670,李秀荣,False,1,25
4671,陳奕安,False,0,25
4672,陳威宇,False,0,25
4673,陳奕安,False,0,25
4674,陳威宇,False,0,25
4675,陳威宇,False,0,25
4676,陳奕安,False,0,25
4677,陳奕安,False,0,25
4678,陳俊雄,False,0,25
4679,陳威宇,False,0,25
4680,林建成,False,0,26
4681,林建成,False,0,26
4682,林建成,False,0,26
4683,林建成,False,0,26
4684,林建成,False,0,26
4685,林建成,False,0,26
4686,李志强,False,1,26
4687,林志鴻,False,0,26
4688,林建成,False,0,26
4689,林志鴻,False,0,26
4690,李志强,False,1,26
4691,李志强,False,1,26
4692,林淑華,False,0,26
4693,林志鴻,False,0,26
4694,林志鴻,False,0,26
4695,林建成,False,0,26
4696,林志鴻,False,0,26
4697,林正雄,False,0,26
4698,林建成,False,0,26
4699,林建成,False,0,26
4700,李志强,False,1,26
4701,林正雄,False,0,26
4702,林志鴻,False,0,26
4703,林志鴻,False,0,26
4704,李志强,False,1,26
4705,林淑華,False,0,26
4706,林志鴻,False,0,26
4707,李志强,False,1,26
4708,李志强,False,1,26
4709,林志鴻,False,0,26
4710,陳柏睿,False,0,26
4711,林建成,False,0,26
4712,李淑华,False,1,26
4713,李志强,False,1,26
4714,李秀珍,False,1,26
4715,林志鴻,False,0,26
4716,林志鴻,False,0,26
4717,林志鴻,False,0,26
4718,林志鴻,False,0,26
4719,林正雄,False,0,26
4720,林志鴻,False,0,26
4721,李志强,False,1,26
4722,林建成,False,0,26
4723,林志鴻,False,0,26
4724,林志鴻,False,0,26
4725,林建成,False,0,26
4726,林志鴻,False,0,26
4727,林志鴻,False,0,26
4728,陳柏睿,False,0,26
4729,林正雄,False,0,26
4730,林建成,False,0,26
4731,林建成,False,0,26
4732,林志鴻,False,0,26
4733,林正雄,False,0,26
4734,林正雄,False,0,26
4735,林建成,False,0,26
4736,林建成,False,0,26
4737,林正雄,False,0,26
4738,林建成,False,0,26
4739,陳柏睿,False,0,26
4740,李志强,False,1,26
4741,林建成,False,0,26
4742,林建成,False,0,26
4743,林志鴻,False,0,26
4744,林正雄,False,0,26
4745,林志鴻,False,0,26
4746,李志强,False,1,26
4747,林志鴻,False,0,26
4748,林志鴻,False,0,26
4749,李志强,False,1,26
4750,林志鴻,False,0,26
4751,林正雄,False,0,26
4752,林正雄,False,0,26
4753,林淑華,False,0,26
4754,林建成,False,0,26
4755,林建成,False,0,26
4756,林建成,False,0,26
4757,李志强,False,1,26
4758,林建成,False,0,26
4759,林志鴻,False,0,26
4760,林淑華,False,0,26
4761,林志鴻,False,0,26
4762,林正雄,False,0,26
4763,林正雄,False,0,26
4764,林建成,False,0,26
4765,李志强,False,1,26
4766,林建成,False,0,26
4767,林正雄,False,0,26
4768,林正雄,False,0,26
4769,林正雄,False,0,26
4770,林正雄,False,0,26
4771,林志鴻,False,0,26
4772,林正雄,False,0,26
4773,林志鴻,False,0,26
4774,林建成,False,0,26
4775,林建成,False,0,26
4776,林正雄,False,0,26
4777,林正雄,False,0,26
4778,林志鴻,False,0,26
4779,林建成,False,0,26
4780,林志鴻,False,0,26
4781,林建成,False,0,26
4782,林建成,False,0,26
4783,林志鴻,False,0,26
4784,林志鴻,False,0,26
4785,林志鴻,False,0,26
4786,林建成,False,0,26
4787,林正雄,False,0,26
4788,林志鴻,False,0,26
4789,李志强,False,1,26
4790,林建成,False,0,26
4791,李志强,False,1,26
4792,林正雄,False,0,26
4793,林建成,False,0,26
4794,林建成,False,0,26
4795,林建成,False,0,26
4796,林建成,False,0,26
4797,林建成,False,0,26
4798,李志强,False,1,26
4799,林建成,False,0,26
4800,林志鴻,False,0,26
4801,林建成,False,0,26
4802,李志强,False,1,26
4803,林建成,False,0,26
4804,林淑華,False,0,26
4805,李志强,False,1,26
4806,林志鴻,False,0,26
4807,林志鴻,False,0,26
4808,李志强,False,1,26
4809,李秀珍,False,1,26
4810,林志鴻,False,0,26
4811,林志鴻,False,0,26
4812,林建成,False,0,26
4813,林志鴻,False,0,26
4814,林建成,False,0,26
4815,林志鴻,False,0,26
4816,林志鴻,False,0,26
4817,林志鴻,False,0,26
4818,林建成,False,0,26
4819,林建成,False,0,26
4820,林建成,False,0,26
4821,林正雄,False,0,26
4822,林建成,False,0,26
4823,李志强,False,1,26
4824,林志鴻,False,0,26
4825,林建成,False,0,26
4826,林建成,False,0,26
4827,林正雄,False,0,26
4828,林建成,False,0,26
4829,李志强,False,1,26
4830,李志强,False,1,26
4831,林志鴻,False,0,26
4832,林志鴻,False,0,26
4833,林志鴻,False,0,26
4834,林建成,False,0,26
4835,林志鴻,False,0,26
4836,林志鴻,False,0,26
4837,林建成,False,0,26
4838,林志鴻,False,0,26
4839,李志强,False,1,26
4840,林正雄,False,0,26
4841,林淑華,False,0,26
4842,林建成,False,0,26
4843,林正雄,False,0,26
4844,李淑华,False,1,26
4845,林建成,False,0,26
4846,林建成,False,0,26
4847,林建成,False,0,26
4848,李秀珍,False,1,26
4849,林志鴻,False,0,26
4850,李志强,False,1,26
4851,林建成,False,0,26
4852,林建成,False,0,26
4853,林建成,False,0,26
4854,林志鴻,False,0,26
4855,林建成,False,0,26
4856,林建成,False,0,26
4857,林志鴻,False,0,26
4858,林建成,False,0,26
4859,林建成,False,0,26
4860,林明德,False,0,27
4861,林明德,False,0,27
4862,林志明,False,0,27
4863,林明德,False,0,27
4864,林明德,False,0,27
4865,林明德,False,0,27
4866,李秀英,False,1,27
4867,林明德,False,0,27
4868,林明德,False,0,27
4869,林明德,False,0,27
4870,林明德,False,0,27
4871,林建志,False,0,27
4872,林明德,False,0,27
4873,林明德,False,0,27
4874,林明德,False,0,27
4875,林明德,False,0,27
4876,林明德,False,0,27
4877,林明德,False,0,27
4878,林明德,False,0,27
4879,林明德,False,0,27
4880,林明德,False,0,27
4881,林明德,False,0,27
4882,林明德,False,0,27
4883,林明德,False,0,27
4884,林明德,False,0,27
4885,林明德,False,0,27
4886,林明德,False,0,27
4887,林明德,False,0,27
4888,林明德,False,0,27
4889,林明德,False,0,27
4890,林建志,False,0,27
4891,李秀英,False,1,27
4892,林淑貞,False,0,27
4893,李秀英,False,1,27
4894,林明德,False,0,27
4895,林明德,False,0,27
4896,林志明,False,0,27
4897,李秀英,False,1,27
4898,李秀英,False,1,27
4899,林明德,False,0,27
4900,张秀云,False,1,27
4901,李秀云,False,1,27
4902,林志明,False,0,27
4903,林明德,False,0,27
4904,李秀英,False,1,27
4905,林明德,False,0,27
4906,李秀英,False,1,27
4907,林明德,False,0,27
4908,林明德,False,0,27
4909,林明德,False,0,27
4910,李秀云,False,1,27
4911,林志明,False,0,27
4912,林明德,False,0,27
4913,林明德,False,0,27
4914,林明德,False,0,27
4915,林明德,False,0,27
4916,李秀英,False,1,27
4917,林明德,False,0,27
4918,李秀英,False,1,27
4919,林志明,False,0,27
4920,林明德,False,0,27
4921,林明德,False,0,27
4922,林明德,False,0,27
4923,李秀英,False,1,27
4924,林明德,False,0,27
4925,林志明,False,0,27
4926,李秀英,False,1,27
4927,李秀云,False,1,27
4928,林建志,False,0,27
4929,林明德,False,0,27
4930,李秀英,False,1,27
4931,林明德,False,0,27
4932,林明德,False,0,27
4933,林明德,False,0,27
4934,林明德,False,0,27
4935,林明德,False,0,27
4936,林明德,False,0,27
4937,李秀云,False,1,27
4938,林明德,False,0,27
4939,林明德,False,0,27
4940,林明德,False,0,27
4941,林建志,False,0,27
4942,林志明,False,0,27
4943,林淑貞,False,0,27
4944,林明德,False,0,27
4945,李秀云,False,1,27
4946,林志明,False,0,27
4947,林明德,False,0,27
4948,林明德,False,0,27
4949,林明德,False,0,27
4950,林明德,False,0,27
4951,林明德,False,0,27
4952,林明德,False,0,27
4953,林明德,False,0,27
4954,林明德,False,0,27
4955,林明德,False,0,27
4956,林建志,False,0,27
4957,李秀英,False,1,27
4958,林明德,False,0,27
4959,林明德,False,0,27
4960,林明德,False,0,27
4961,李秀英,False,1,27
4962,林建志,False,0,27
4963,林建志,False,0,27
4964,林明德,False,0,27
4965,李秀英,False,1,27
4966,林明德,False,0,27
4967,林明德,False,0,27
4968,林明德,False,0,27
4969,林明德,False,0,27
4970,林明德,False,0,27
4971,林建志,False,0,27
4972,林志明,False,0,27
4973,林明德,False,0,27
4974,李秀英,False,1,27
4975,林建志,False,0,27
4976,林明德,False,0,27
4977,李秀英,False,1,27
4978,林明德,False,0,27
4979,林明德,False,0,27
4980,林建志,False,0,27
4981,李秀英,False,1,27
4982,林明德,False,0,27
4983,李秀云,False,1,27
4984,林明德,False,0,27
4985,林明德,False,0,27
4986,林明德,False,0,27
4987,李秀英,False,1,27
4988,李秀英,False,1,27
4989,林明德,False,0,27
4990,林明德,False,0,27
4991,林明德,False,0,27
4992,林建志,False,0,27
4993,林明德,False,0,27
4994,林明德,False,0,27
4995,林明德,False,0,27
4996,林明德,False,0,27
4997,林明德,False,0,27
4998,李秀英,False,1,27
4999,林明德,False,0,27
5000,林明德,False,0,27
5001,林明德,False,0,27
5002,林明德,False,0,27
5003,林明德,False,0,27
5004,林建志,False,0,27
5005,林志明,False,0,27
5006,林志明,False,0,27
5007,李秀英,False,1,27
5008,李秀英,False,1,27
5009,林明德,False,0,27
5010,李秀英,False,1,27
5011,李秀云,False,1,27
5012,林明德,False,0,27
5013,林明德,False,0,27
5014,林明德,False,0,27
5015,林明德,False,0,27
5016,李秀英,False,1,27
5017,李秀英,False,1,27
5018,林明德,False,0,27
5019,林明德,False,0,27
5020,林明德,False,0,27
5021,林明德,False,0,27
5022,林明德,False,0,27
5023,李秀英,False,1,27
5024,林建志,False,0,27
5025,林明德,False,0,27
5026,李秀英,False,1,27
5027,林明德,False,0,27
5028,林明德,False,0,27
5029,林明德,False,0,27
5030,林明德,False,0,27
5031,王建华,False,1,27
5032,林明德,False,0,27
5033,林明德,False,0,27
5034,林明德,False,0,27
5035,林明德,False,0,27
5036,林明德,False,0,27
5037,林明德,False,0,27
5038,李秀英,False,1,27
5039,林明德,False,0,27
5040,张志强,False,1,28
5041,陳冠宏,False,0,28
5042,陳冠宏,False,0,28
5043,陳冠宏,False,0,28
5044,陳冠廷,False,0,28
5045,陳柏宇,False,0,28
5046,陳冠宏,False,0,28
5047,張凱翔,False,0,28
5048,李红梅,False,1,28
5049,許家豪,False,0,28
5050,陳冠廷,False,0,28
5051,陳冠宏,False,0,28
5052,陳冠宏,False,0,28
5053,陳柏宇,False,0,28
5054,陳冠廷,False,0,28
5055,陳冠宏,False,0,28
5056,陳冠廷,False,0,28
5057,陳冠宏,False,0,28
5058,陳冠宏,False,0,28
5059,張凱翔,False,0,28
5060,陳柏宇,False,0,28
5061,陳冠宏,False,0,28
5062,张志强,False,1,28
5063,許家豪,False,0,28
5064,陳柏宇,False,0,28
5065,陳冠宏,False,0,28
5066,陳冠廷,False,0,28
5067,张志强,False,1,28
5068,李怡萱,False,0,28
5069,張凱翔,False,0,28
5070,陳柏宇,False,0,28
5071,李红梅,False,1,28
5072,陳冠宏,False,0,28
5073,陳冠宏,False,0,28
5074,陳冠宏,False,0,28
5075,陳柏諺,False,0,28
5076,陳冠宏,False,0,28
5077,李怡萱,False,0,28
5078,张志强,False,1,28
5079,陳柏諺,False,0,28
5080,陳柏諺,False,0,28
5081,陳冠宏,False,0,28
5082,陳冠宏,False,0,28
5083,李怡萱,False,0,28
5084,陳柏諺,False,0,28
5085,陳冠廷,False,0,28
5086,張凱翔,False,0,28
5087,張凱翔,False,0,28
5088,陳柏宇,False,0,28
5089,陳柏諺,False,0,28
5090,陳冠宏,False,0,28
5091,李红梅,False,1,28
5092,陳冠宏,False,0,28
5093,李春梅,False,1,28
5094,張凱翔,False,0,28
5095,陳柏諺,False,0,28
5096,陳冠廷,False,0,28
5097,陳冠宏,False,0,28
5098,李怡萱,False,0,28
5099,陳冠廷,False,0,28
5100,陳冠宏,False,0,28
5101,李桂花,False,1,28
5102,陳冠宏,False,0,28
5103,陳冠宏,False,0,28
5104,陳冠廷,False,0,28
5105,陳冠宏,False,0,28
5106,张志强,False,1,28
5107,陳冠宏,False,0,28
5108,陳冠宏,False,0,28
5109,陳冠宏,False,0,28
5110,陳冠宏,False,0,28
5111,李春梅,False,1,28
5112,陳冠廷,False,0,28
5113,陳柏諺,False,0,28
5114,張凱翔,False,0,28
5115,張凱翔,False,0,28
5116,陳柏宇,False,0,28
5117,陳冠宏,False,0,28
5118,陳柏諺,False,0,28
5119,張凱翔,False,0,28
5120,陳冠廷,False,0,28
5121,陳柏宇,False,0,28
5122,张志强,False,1,28
5123,陳冠宏,False,0,28
5124,陳冠宏,False,0,28
5125,陳柏宇,False,0,28
5126,陳冠廷,False,0,28
5127,陳柏宇,False,0,28
5128,陳冠宏,False,0,28
5129,陳柏宇,False,0,28
5130,张志强,False,1,28
5131,陳冠宏,False,0,28
5132,張凱翔,False,0,28
5133,陳冠宏,False,0,28
5134,张志强,False,1,28
5135,張凱翔,False,0,28
5136,陳冠宏,False,0,28
5137,张志强,False,1,28
5138,陳冠廷,False,0,28
5139,张志强,False,1,28
5140,张志强,False,1,28
5141,陳冠宏,False,0,28
5142,陳柏宇,False,0,28
5143,陳冠宏,False,0,28
5144,張凱翔,False,0,28
5145,陳冠宏,False,0,28
5146,陳冠宏,False,0,28
5147,陳冠廷,False,0,28
5148,李怡萱,False,0,28
5149,陳冠宏,False,0,28
5150,陳柏宇,False,0,28
5151,陳冠宏,False,0,28
5152,陳冠宏,False,0,28
5153,陳冠宏,False,0,28
5154,陳冠廷,False,0,28
5155,許家豪,False,0,28
5156,张志强,False,1,28
5157,陳冠廷,False,0,28
5158,陳冠廷,False,0,28
5159,陳冠宏,False,0,28
5160,張凱翔,False,0,28
5161,陳冠廷,False,0,28
5162,張凱翔,False,0,28
5163,陳柏諺,False,0,28
5164,陳冠宏,False,0,28
5165,李红梅,False,1,28
5166,陳柏諺,False,0,28
5167,陳柏諺,False,0,28
5168,陳冠宏,False,0,28
5169,陳冠宏,False,0,28
5170,陳冠廷,False,0,28
5171,李春梅,False,1,28
5172,张志强,False,1,28
5173,李春梅,False,1,28
5174,张秀华,False,1,28
5175,陳冠廷,False,0,28
5176,陳冠廷,False,0,28
5177,陳柏宇,False,0,28
5178,陳冠廷,False,0,28
5179,陳柏宇,False,0,28
5180,陳冠廷,False,0,28
5181,張凱翔,False,0,28
5182,陳柏宇,False,0,28
5183,陳冠廷,False,0,28
5184,陳柏宇,False,0,28
5185,陳冠廷,False,0,28
5186,張凱翔,False,0,28
5187,陳柏宇,False,0,28
5188,张秀华,False,1,28
5189,陳冠宏,False,0,28
5190,陳冠宏,False,0,28
5191,陳冠宏,False,0,28
5192,張凱翔,False,0,28
5193,陳冠廷,False,0,28
5194,陳冠廷,False,0,28
5195,陳冠廷,False,0,28
5196,陳冠宏,False,0,28
5197,陳冠宏,False,0,28
5198,陳柏諺,False,0,28
5199,陳冠宏,False,0,28
5200,陳宥蓁,False,0,28
5201,张志强,False,1,28
5202,陳柏宇,False,0,28
5203,陳冠廷,False,0,28
5204,陳冠廷,False,0,28
5205,陳冠廷,False,0,28
5206,陳冠宏,False,0,28
5207,陳柏宇,False,0,28
5208,陳冠廷,False,0,28
5209,陳冠廷,False,0,28
5210,张志强,False,1,28
5211,陳冠廷,False,0,28
5212,李桂花,False,1,28
5213,李红梅,False,1,28
5214,陳冠宏,False,0,28
5215,張凱翔,False,0,28
5216,陳冠宏,False,0,28
5217,陳冠宏,False,0,28
5218,陳柏諺,False,0,28
5219,陳柏宇,False,0,28
5220,林哲宇,False,0,29
5221,李建华,False,1,29
5222,李建华,False,1,29
5223,林哲宇,False,0,29
5224,李承翰,False,0,29
5225,林明輝,False,0,29
5226,李承翰,False,0,29
5227,林哲宇,False,0,29
5228,李建华,False,1,29
5229,林明輝,False,0,29
5230,林哲宇,False,0,29
5231,李建华,False,1,29
5232,李建华,False,1,29
5233,李建华,False,1,29
5234,李承翰,False,0,29
5235,李建华,False,1,29
5236,李建华,False,1,29
5237,陳冠廷,False,0,29
5238,林明輝,False,0,29
5239,林明輝,False,0,29
5240,李建华,False,1,29
5241,李建华,False,1,29
5242,林哲宇,False,0,29
5243,李秀芳,False,1,29
5244,李建华,False,1,29
5245,林明輝,False,0,29
5246,林明輝,False,0,29
5247,李承翰,False,0,29
5248,林哲宇,False,0,29
5249,林明輝,False,0,29
5250,林明輝,False,0,29
5251,王志强,False,1,29
5252,林明輝,False,0,29
5253,李建华,False,1,29
5254,李承翰,False,0,29
5255,林明輝,False,0,29
5256,李承翰,False,0,29
5257,林哲宇,False,0,29
5258,林明輝,False,0,29
5259,李承翰,False,0,29
5260,林明輝,False,0,29
5261,李秀芳,False,1,29
5262,李秀芳,False,1,29
5263,林明輝,False,0,29
5264,李承翰,False,0,29
5265,林哲宇,False,0,29
5266,李秀芳,False,1,29
5267,李承翰,False,0,29
5268,李承翰,False,0,29
5269,李建华,False,1,29
5270,林哲宇,False,0,29
5271,李建华,False,1,29
5272,李承翰,False,0,29
5273,李建华,False,1,29
5274,李承翰,False,0,29
5275,李承翰,False,0,29
5276,李建华,False,1,29
5277,林明輝,False,0,29
5278,李建华,False,1,29
5279,李玉华,False,1,29
5280,李建华,False,1,29
5281,李建华,False,1,29
5282,李建华,False,1,29
5283,李建华,False,1,29
5284,李承翰,False,0,29
5285,李建华,False,1,29
5286,林哲宇,False,0,29
5287,林哲宇,False,0,29
5288,李建华,False,1,29
5289,李建华,False,1,29
5290,林哲宇,False,0,29
5291,李建华,False,1,29
5292,林明輝,False,0,29
5293,林明輝,False,0,29
5294,李承翰,False,0,29
5295,林明輝,False,0,29
5296,李建华,False,1,29
5297,李建华,False,1,29
5298,李承翰,False,0,29
5299,林明輝,False,0,29
5300,李承翰,False,0,29
5301,李承翰,False,0,29
5302,林哲宇,False,0,29
5303,林明輝,False,0,29
5304,李建华,False,1,29
5305,李建华,False,1,29
5306,林明輝,False,0,29
5307,林哲宇,False,0,29
5308,李承翰,False,0,29
5309,李承翰,False,0,29
5310,李建华,False,1,29
5311,林哲宇,False,0,29
5312,林明輝,False,0,29
5313,林哲宇,False,0,29
5314,李玉华,False,1,29
5315,李秀芳,False,1,29
5316,林明輝,False,0,29
5317,林明輝,False,0,29
5318,李建华,False,1,29
5319,林哲宇,False,0,29
5320,李建华,False,1,29
5321,林哲宇,False,0,29
5322,李建华,False,1,29
5323,林明輝,False,0,29
5324,李建华,False,1,29
5325,林明輝,False,0,29
5326,李秀芳,False,1,29
5327,李建华,False,1,29
5328,林明輝,False,0,29
5329,林明輝,False,0,29
5330,李承翰,False,0,29
5331,李承翰,False,0,29
5332,李承翰,False,0,29
5333,李秀芳,False,1,29
5334,李承翰,False,0,29
5335,林哲宇,False,0,29
5336,李建华,False,1,29
5337,林哲宇,False,0,29
5338,李承翰,False,0,29
5339,李建华,False,1,29
5340,李秀芳,False,1,29
5341,李承翰,False,0,29
5342,李承翰,False,0,29
5343,李建华,False,1,29
5344,李建华,False,1,29
5345,林哲宇,False,0,29
5346,林明輝,False,0,29
5347,李承翰,False,0,29
5348,李建华,False,1,29
5349,李承翰,False,0,29
5350,林明輝,False,0,29
5351,林明輝,False,0,29
5352,李建华,False,1,29
5353,林明輝,False,0,29
5354,林明輝,False,0,29
5355,林明輝,False,0,29
5356,李建华,False,1,29
5357,陳志強,False,0,29
5358,林明輝,False,0,29
5359,林明輝,False,0,29
5360,李承翰,False,0,29
5361,李建华,False,1,29
5362,林哲宇,False,0,29
5363,李承翰,False,0,29
5364,林哲宇,False,0,29
5365,林明輝,False,0,29
5366,李建华,False,1,29
5367,李建华,False,1,29
5368,李承翰,False,0,29
5369,林明輝,False,0,29
5370,李承翰,False,0,29
5371,李承翰,False,0,29
5372,李承翰,False,0,29
5373,李建华,False,1,29
5374,林哲宇,False,0,29
5375,林明輝,False,0,29
5376,林淑華,False,0,29
5377,李承翰,False,0,29
5378,王志强,False,1,29
5379,林哲宇,False,0,29
5380,林明輝,False,0,29
5381,林明輝,False,0,29
5382,李建华,False,1,29
5383,李建华,False,1,29
5384,林哲宇,False,0,29
5385,李建华,False,1,29
5386,林淑華,False,0,29
5387,林哲宇,False,0,29
5388,李秀芳,False,1,29
5389,李承翰,False,0,29
5390,林明輝,False,0,29
5391,林哲宇,False,0,29
5392,李承翰,False,0,29
5393,李玉华,False,1,29
5394,李建华,False,1,29
5395,林明輝,False,0,29
5396,李建华,False,1,29
5397,李秀芳,False,1,29
5398,林明輝,False,0,29
5399,林明輝,False,0,29
5400,李建国,False,1,30
5401,李建军,False,1,30
5402,李建国,False,1,30
5403,李建军,False,1,30
5404,李建国,False,1,30
5405,李建国,False,1,30
5406,李建国,False,1,30
5407,李建军,False,1,30
5408,李建军,False,1,30
5409,李建国,False,1,30
5410,李建国,False,1,30
5411,李建军,False,1,30
5412,李建国,False,1,30
5413,李建国,False,1,30
5414,李建军,False,1,30
5415,李建国,False,1,30
5416,李建军,False,1,30
5417,李建国,False,1,30
5418,李建军,False,1,30
5419,李建军,False,1,30
5420,李建军,False,1,30
5421,李建军,False,1,30
5422,李建军,False,1,30
5423,李建军,False,1,30
5424,李建军,False,1,30
5425,李建军,False,1,30
5426,李建军,False,1,30
5427,李建国,False,1,30
5428,李建军,False,1,30
5429,李建军,False,1,30
5430,李建国,False,1,30
5431,李建国,False,1,30
5432,李怡萱,False,0,30
5433,李建军,False,1,30
5434,李建国,False,1,30
5435,李建国,False,1,30
5436,李建军,False,1,30
5437,李建国,False,1,30
5438,李建国,False,1,30
5439,李建国,False,1,30
5440,李建国,False,1,30
5441,李建军,False,1,30
5442,李建军,False,1,30
5443,李建军,False,1,30
5444,李建国,False,1,30
5445,李建军,False,1,30
5446,李建国,False,1,30
5447,李建军,False,1,30
5448,李建国,False,1,30
5449,李建军,False,1,30
5450,李建军,False,1,30
5451,李承恩,False,0,30
5452,李建军,False,1,30
5453,李建军,False,1,30
5454,李建国,False,1,30
5455,李玉梅,False,1,30
5456,李建军,False,1,30
5457,李建军,False,1,30
5458,李建军,False,1,30
5459,李建军,False,1,30
5460,李建军,False,1,30
5461,李建军,False,1,30
5462,李建国,False,1,30
5463,李建军,False,1,30
5464,李建军,False,1,30
5465,李建军,False,1,30
5466,李建军,False,1,30
5467,李建军,False,1,30
5468,李建国,False,1,30
5469,李建军,False,1,30
5470,李建军,False,1,30
5471,李建国,False,1,30
5472,李建军,False,1,30
5473,李建国,False,1,30
5474,李建军,False,1,30
5475,李建国,False,1,30
5476,李建军,False,1,30
5477,李建国,False,1,30
5478,李建军,False,1,30
5479,李建军,False,1,30
5480,李建国,False,1,30
5481,李建国,False,1,30
5482,李建军,False,1,30
5483,李建国,False,1,30
5484,李建国,False,1,30
5485,李建军,False,1,30
5486,李建军,False,1,30
5487,李建军,False,1,30
5488,李建军,False,1,30
5489,李建国,False,1,30
5490,李建国,False,1,30
5491,李建军,False,1,30
5492,李建国,False,1,30
5493,李建军,False,1,30
5494,李建军,False,1,30
5495,李建国,False,1,30
5496,李承恩,False,0,30
5497,李建军,False,1,30
5498,李建国,False,1,30
5499,李建军,False,1,30
5500,李建国,False,1,30
5501,李建国,False,1,30
5502,李建军,False,1,30
5503,李建国,False,1,30
5504,李建国,False,1,30
5505,李建军,False,1,30
5506,李建国,False,1,30
5507,李建军,False,1,30
5508,李建国,False,1,30
5509,李建军,False,1,30
5510,李建国,False,1,30
5511,李建军,False,1,30
5512,李建军,False,1,30
5513,李承恩,False,0,30
5514,李建国,False,1,30
5515,李建军,False,1,30
5516,李怡萱,False,0,30
5517,李建国,False,1,30
5518,李建军,False,1,30
5519,李建国,False,1,30
5520,李建国,False,1,30
5521,李建国,False,1,30
5522,李建军,False,1,30
5523,李建国,False,1,30
5524,李建国,False,1,30
5525,李建军,False,1,30
5526,李建国,False,1,30
5527,李承恩,False,0,30
5528,李建军,False,1,30
5529,李建国,False,1,30
5530,李建军,False,1,30
5531,李建军,False,1,30
5532,李建军,False,1,30
5533,李承恩,False,0,30
5534,李建军,False,1,30
5535,李建军,False,1,30
5536,李建国,False,1,30
5537,李建军,False,1,30
5538,李建国,False,1,30
5539,李建国,False,1,30
5540,李建军,False,1,30
5541,李建国,False,1,30
5542,李建国,False,1,30
5543,李建军,False,1,30
5544,李建国,False,1,30
5545,李建国,False,1,30
5546,李建国,False,1,30
5547,李建军,False,1,30
5548,李建军,False,1,30
5549,李建国,False,1,30
5550,李建国,False,1,30
5551,李怡萱,False,0,30
5552,李建国,False,1,30
5553,李建国,False,1,30
5554,李建军,False,1,30
5555,李建国,False,1,30
5556,李建军,False,1,30
5557,李建军,False,1,30
5558,李建军,False,1,30
5559,李建国,False,1,30
5560,李建国,False,1,30
5561,李建国,False,1,30
5562,李建军,False,1,30
5563,李建国,False,1,30
5564,李建军,False,1,30
5565,李建国,False,1,30
5566,李建军,False,1,30
5567,李建国,False,1,30
5568,李建军,False,1,30
5569,李建国,False,1,30
5570,李建军,False,1,30
5571,李建国,False,1,30
5572,李建国,False,1,30
5573,李建国,False,1,30
5574,李建军,False,1,30
5575,李建国,False,1,30
5576,李建军,False,1,30
5577,李建军,False,1,30
5578,李承恩,False,0,30
5579,李建国,False,1,30
5580,王建平,False,1,31
5581,李秀云,False,1,31
5582,李秀云,False,1,31
5583,林淑娟,False,0,31
5584,林淑娟,False,0,31
5585,王建平,False,1,31
5586,王建平,False,1,31
5587,李秀云,False,1,31
5588,王建平,False,1,31
5589,李秀云,False,1,31
5590,李秀云,False,1,31
5591,王俊傑,False,0,31
5592,王建平,False,1,31
5593,王俊傑,False,0,31
5594,王俊傑,False,0,31
5595,李秀云,False,1,31
5596,李秀云,False,1,31
5597,王建平,False,1,31
5598,王秀梅,False,1,31
5599,李秀云,False,1,31
5600,王俊傑,False,0,31
5601,王俊傑,False,0,31
5602,王俊傑,False,0,31
5603,李秀云,False,1,31
5604,王俊傑,False,0,31
5605,李凤英,False,1,31
5606,李秀云,False,1,31
5607,李秀云,False,1,31
5608,王俊傑,False,0,31
5609,李秀云,False,1,31
5610,王建平,False,1,31
5611,李秀云,False,1,31
5612,李秀云,False,1,31
5613,王秀梅,False,1,31
5614,李秀云,False,1,31
5615,张秀兰,False,1,31
5616,王秀梅,False,1,31
5617,王俊傑,False,0,31
5618,林淑娟,False,0,31
5619,王建平,False,1,31
5620,王俊傑,False,0,31
5621,王建平,False,1,31
5622,王俊傑,False,0,31
5623,王俊傑,False,0,31
5624,李秀云,False,1,31
5625,王建平,False,1,31
5626,林淑惠,False,0,31
5627,王建平,False,1,31
5628,王建平,False,1,31
5629,王秀梅,False,1,31
5630,王俊傑,False,0,31
5631,王俊傑,False,0,31
5632,王俊傑,False,0,31
5633,王俊傑,False,0,31
5634,李秀云,False,1,31
5635,王建平,False,1,31
5636,张秀荣,False,1,31
5637,王俊傑,False,0,31
5638,王秀梅,False,1,31
5639,林秀玲,False,0,31
5640,李秀云,False,1,31
5641,王建平,False,1,31
5642,王俊傑,False,0,31
5643,王俊傑,False,0,31
5644,李凤英,False,1,31
5645,王俊傑,False,0,31
5646,李秀云,False,1,31
5647,王秀梅,False,1,31
5648,王俊傑,False,0,31
5649,王建平,False,1,31
5650,王秀梅,False,1,31
5651,李秀云,False,1,31
5652,王俊傑,False,0,31
5653,李秀云,False,1,31
5654,王俊傑,False,0,31
5655,李秀云,False,1,31
5656,李秀云,False,1,31
5657,张秀荣,False,1,31
5658,李秀云,False,1,31
5659,王建平,False,1,31
5660,王俊傑,False,0,31
5661,王建平,False,1,31
5662,王俊傑,False,0,31
5663,王秀梅,False,1,31
5664,李秀云,False,1,31
5665,李秀云,False,1,31
5666,李秀云,False,1,31
5667,李秀云,False,1,31
5668,王建平,False,1,31
5669,李秀云,False,1,31
5670,王俊傑,False,0,31
5671,王建平,False,1,31
5672,王俊傑,False,0,31
5673,李秀云,False,1,31
5674,李秀云,False,1,31
5675,王建平,False,1,31
5676,王俊傑,False,0,31
5677,王秀梅,False,1,31
5678,李秀云,False,1,31
5679,王建平,False,1,31
5680,王建平,False,1,31
5681,王俊傑,False,0,31
5682,王俊傑,False,0,31
5683,王建平,False,1,31
5684,王俊傑,False,0,31
5685,王俊傑,False,0,31
5686,王建平,False,1,31
5687,王建平,False,1,31
5688,王建平,False,1,31
5689,李秀云,False,1,31
5690,王俊傑,False,0,31
5691,林淑惠,False,0,31
5692,王建平,False,1,31
5693,王建平,False,1,31
5694,王建平,False,1,31
5695,王俊傑,False,0,31
5696,王俊傑,False,0,31
5697,王建平,False,1,31
5698,王建平,False,1,31
5699,李秀云,False,1,31
5700,张秀荣,False,1,31
5701,林淑娟,False,0,31
5702,王俊傑,False,0,31
5703,王俊傑,False,0,31
5704,王俊傑,False,0,31
5705,王秀梅,False,1,31
5706,李秀云,False,1,31
5707,李秀云,False,1,31
5708,陳俊男,False,0,31
5709,王建平,False,1,31
5710,李秀云,False,1,31
5711,王俊傑,False,0,31
5712,王建平,False,1,31
5713,王俊傑,False,0,31
5714,王秀梅,False,1,31
5715,李秀云,False,1,31
5716,王建平,False,1,31
5717,王俊傑,False,0,31
5718,王俊傑,False,0,31
5719,李春梅,False,1,31
5720,王建平,False,1,31
5721,王建平,False,1,31
5722,王建平,False,1,31
5723,王建平,False,1,31
5724,李秀云,False,1,31
5725,王建平,False,1,31
5726,王俊傑,False,0,31
5727,王俊傑,False,0,31
5728,王俊傑,False,0,31
5729,王建平,False,1,31
5730,李春梅,False,1,31
5731,王俊傑,False,0,31
5732,林淑娟,False,0,31
5733,王建平,False,1,31
5734,李秀云,False,1,31
5735,林淑惠,False,0,31
5736,张秀荣,False,1,31
5737,李秀云,False,1,31
5738,王秀梅,False,1,31
5739,李秀云,False,1,31
5740,王建平,False,1,31
5741,李春梅,False,1,31
5742,王建平,False,1,31
5743,王俊傑,False,0,31
5744,王俊傑,False,0,31
5745,李凤英,False,1,31
5746,王建平,False,1,31
5747,李秀云,False,1,31
5748,王建平,False,1,31
5749,王俊傑,False,0,31
5750,李秀云,False,1,31
5751,王秀梅,False,1,31
5752,王秀梅,False,1,31
5753,王俊傑,False,0,31
5754,王俊傑,False,0,31
5755,王秀梅,False,1,31
5756,王建平,False,1,31
5757,李秀云,False,1,31
5758,李秀云,False,1,31
5759,王俊傑,False,0,31
5760,林欣怡,False,0,32
5761,林欣怡,False,0,32
5762,林秀琴,False,0,32
5763,林欣怡,False,0,32
5764,林欣怡,False,0,32
5765,林冠宏,False,0,32
5766,林秀琴,False,0,32
5767,林秀琴,False,0,32
5768,林欣怡,False,0,32
5769,王红梅,False,1,32
5770,林冠宏,False,0,32
5771,林冠宏,False,0,32
5772,林欣怡,False,0,32
5773,林欣怡,False,0,32
5774,林冠宏,False,0,32
5775,林冠宏,False,0,32
5776,林秀琴,False,0,32
5777,林冠宏,False,0,32
5778,林欣怡,False,0,32
5779,林秀琴,False,0,32
5780,林冠宏,False,0,32
5781,林欣怡,False,0,32
5782,林欣怡,False,0,32
5783,林冠宏,False,0,32
5784,林秀琴,False,0,32
5785,林秀琴,False,0,32
5786,李秀芳,False,1,32
5787,林欣怡,False,0,32
5788,林欣怡,False,0,32
5789,林欣怡,False,0,32
5790,林冠宏,False,0,32
5791,林冠宏,False,0,32
5792,林秀琴,False,0,32
5793,林欣怡,False,0,32
5794,林欣怡,False,0,32
5795,林秀琴,False,0,32
5796,林冠宏,False,0,32
5797,林冠宏,False,0,32
5798,林秀琴,False,0,32
5799,林欣怡,False,0,32
5800,林秀琴,False,0,32
5801,李秀芳,False,1,32
5802,林冠宏,False,0,32
5803,王建华,False,1,32
5804,林秀琴,False,0,32
5805,林秀琴,False,0,32
5806,林秀琴,False,0,32
5807,林欣怡,False,0,32
5808,李秀芳,False,1,32
5809,林秀琴,False,0,32
5810,林秀琴,False,0,32
5811,林欣怡,False,0,32
5812,王建华,False,1,32
5813,林冠宏,False,0,32
5814,林冠宏,False,0,32
5815,林冠宏,False,0,32
5816,林欣怡,False,0,32
5817,林欣怡,False,0,32
5818,林秀琴,False,0,32
5819,林欣怡,False,0,32
5820,林欣怡,False,0,32
5821,林秀琴,False,0,32
5822,林欣怡,False,0,32
5823,林秀琴,False,0,32
5824,林欣怡,False,0,32
5825,李秀芳,False,1,32
5826,林冠宏,False,0,32
5827,林冠宏,False,0,32
5828,林秀琴,False,0,32
5829,林冠宏,False,0,32
5830,林冠宏,False,0,32
5831,林欣怡,False,0,32
5832,林欣怡,False,0,32
5833,林欣怡,False,0,32
5834,林秀琴,False,0,32
5835,林冠宏,False,0,32
5836,林冠宏,False,0,32
5837,林秀琴,False,0,32
5838,林欣怡,False,0,32
5839,林欣怡,False,0,32
5840,林欣怡,False,0,32
5841,林秀琴,False,0,32
5842,林秀琴,False,0,32
5843,林冠宏,False,0,32
5844,林冠宏,False,0,32
5845,林秀琴,False,0,32
5846,林冠宏,False,0,32
5847,林冠宏,False,0,32
5848,王建华,False,1,32
5849,林秀琴,False,0,32
5850,林秀琴,False,0,32
5851,林冠宏,False,0,32
5852,林欣怡,False,0,32
5853,李秀芳,False,1,32
5854,王建华,False,1,32
5855,林冠宏,False,0,32
5856,林欣怡,False,0,32
5857,林秀琴,False,0,32
5858,林冠宏,False,0,32
5859,林秀琴,False,0,32
5860,林欣怡,False,0,32
5861,李秀芳,False,1,32
5862,林欣怡,False,0,32
5863,林秀琴,False,0,32
5864,林秀琴,False,0,32
5865,林秀琴,False,0,32
5866,林欣怡,False,0,32
5867,林冠宏,False,0,32
5868,林秀琴,False,0,32
5869,林欣怡,False,0,32
5870,林欣怡,False,0,32
5871,林秀琴,False,0,32
5872,林欣怡,False,0,32
5873,林冠宏,False,0,32
5874,李秀芳,False,1,32
5875,林冠宏,False,0,32
5876,李秀芳,False,1,32
5877,林冠宏,False,0,32
5878,林秀琴,False,0,32
5879,林秀琴,False,0,32
5880,林冠宏,False,0,32
5881,林冠宏,False,0,32
5882,李秀芳,False,1,32
5883,林冠宏,False,0,32
5884,林秀琴,False,0,32
5885,林冠宏,False,0,32
5886,林冠宏,False,0,32
5887,林冠宏,False,0,32
5888,林欣怡,False,0,32
5889,林冠宏,False,0,32
5890,林冠宏,False,0,32
5891,林冠宏,False,0,32
5892,王秀华,False,1,32
5893,林欣怡,False,0,32
5894,林欣怡,False,0,32
5895,林冠宏,False,0,32
5896,林冠宏,False,0,32
5897,林秀琴,False,0,32
5898,林冠宏,False,0,32
5899,林欣怡,False,0,32
5900,李秀芳,False,1,32
5901,林秀琴,False,0,32
5902,林秀琴,False,0,32
5903,林秀琴,False,0,32
5904,林欣怡,False,0,32
5905,林冠宏,False,0,32
5906,林冠宏,False,0,32
5907,林欣怡,False,0,32
5908,林秀琴,False,0,32
5909,林冠宏,False,0,32
5910,林秀琴,False,0,32
5911,林秀琴,False,0,32
5912,林欣怡,False,0,32
5913,林冠宏,False,0,32
5914,林秀琴,False,0,32
5915,林冠宏,False,0,32
5916,林冠宏,False,0,32
5917,林秀琴,False,0,32
5918,王建华,False,1,32
5919,林冠宏,False,0,32
5920,林欣怡,False,0,32
5921,林冠宏,False,0,32
5922,林欣怡,False,0,32
5923,林欣怡,False,0,32
5924,林冠宏,False,0,32
5925,林冠宏,False,0,32
5926,林冠宏,False,0,32
5927,林秀琴,False,0,32
5928,林秀琴,False,0,32
5929,林欣怡,False,0,32
5930,王建华,False,1,32
5931,林欣怡,False,0,32
5932,林欣怡,False,0,32
5933,林冠宏,False,0,32
5934,陳建銘,False,0,32
5935,林冠宏,False,0,32
5936,林欣怡,False,0,32
5937,林冠宏,False,0,32
5938,林冠宏,False,0,32
5939,林冠宏,False,0,32
5940,王怡婷,False,0,33
5941,李承恩,False,0,33
5942,陳信宏,False,0,33
5943,李承恩,False,0,33
5944,王俊凱,False,0,33
5945,李秀云,False,1,33
5946,李承恩,False,0,33
5947,李秀云,False,1,33
5948,李秀云,False,1,33
5949,李秀云,False,1,33
5950,王秀兰,False,1,33
5951,陳信宏,False,0,33
5952,王俊凱,False,0,33
5953,李承恩,False,0,33
5954,陳信宏,False,0,33
5955,陳淑惠,False,0,33
5956,陳信宏,False,0,33
5957,李承恩,False,0,33
5958,陳信宏,False,0,33
5959,王淑华,False,1,33
5960,王俊凱,False,0,33
5961,陳信宏,False,0,33
5962,李承恩,False,0,33
5963,王俊凱,False,0,33
5964,李秀云,False,1,33
5965,李承恩,False,0,33
5966,王婷婷,False,1,33
5967,李秀云,False,1,33
5968,陳信宏,False,0,33
5969,王俊凱,False,0,33
5970,张志强,False,1,33
5971,陳信宏,False,0,33
5972,陳信宏,False,0,33
5973,陳信宏,False,0,33
5974,陳信宏,False,0,33
5975,王俊凱,False,0,33
5976,李承恩,False,0,33
5977,王淑华,False,1,33
5978,陳信宏,False,0,33
5979,李秀云,False,1,33
5980,陳信宏,False,0,33
5981,陳信宏,False,0,33
5982,陳信宏,False,0,33
5983,陳信宏,False,0,33
5984,王秀兰,False,1,33
5985,王怡婷,False,0,33
5986,陳信宏,False,0,33
5987,王婷婷,False,1,33
5988,王婷婷,False,1,33
5989,王俊凱,False,0,33
5990,王淑华,False,1,33
5991,陳信宏,False,0,33
5992,李秀云,False,1,33
5993,李承恩,False,0,33
5994,陳信宏,False,0,33
5995,王俊凱,False,0,33
5996,王俊凱,False,0,33
5997,陳信宏,False,0,33
5998,张志强,False,1,33
5999,陳信宏,False,0,33
6000,李秀云,False,1,33
6001,陳信宏,False,0,33
6002,陳信宏,False,0,33
6003,陳信宏,False,0,33
6004,王俊凱,False,0,33
6005,王俊凱,False,0,33
6006,王俊凱,False,0,33
6007,王俊凱,False,0,33
6008,张志强,False,1,33
6009,陳信宏,False,0,33
6010,王秀兰,False,1,33
6011,陳信宏,False,0,33
6012,陳信宏,False,0,33
6013,陳信宏,False,0,33
6014,张志强,False,1,33
6015,王淑华,False,1,33
6016,李承恩,False,0,33
6017,陳信宏,False,0,33
6018,李红霞,False,1,33
6019,陳信宏,False,0,33
6020,李承恩,False,0,33
6021,陳信宏,False,0,33
6022,李秀云,False,1,33
6023,陳信宏,False,0,33
6024,王俊凱,False,0,33
6025,王俊凱,False,0,33
6026,王淑华,False,1,33
6027,王淑华,False,1,33
6028,张志强,False,1,33
6029,李承恩,False,0,33
6030,王秀兰,False,1,33
6031,王俊凱,False,0,33
6032,王俊凱,False,0,33
6033,李承恩,False,0,33
6034,陳信宏,False,0,33
6035,陳信宏,False,0,33
6036,李秀云,False,1,33
6037,陳信宏,False,0,33
6038,王俊凱,False,0,33
6039,陳信宏,False,0,33
6040,陳信宏,False,0,33
6041,李秀云,False,1,33
6042,陳信宏,False,0,33
6043,王婷婷,False,1,33
6044,王淑华,False,1,33
6045,陳信宏,False,0,33
6046,陳淑惠,False,0,33
6047,陳信宏,False,0,33
6048,王怡婷,False,0,33
6049,李承恩,False,0,33
6050,陳信宏,False,0,33
6051,陳淑惠,False,0,33
6052,王婷婷,False,1,33
6053,陳俊吉,False,0,33
6054,李秀云,False,1,33
6055,陳信宏,False,0,33
6056,王桂珍,False,1,33
6057,陳信宏,False,0,33
6058,李秀云,False,1,33
6059,陳淑惠,False,0,33
6060,陳信宏,False,0,33
6061,李承恩,False,0,33
6062,陳信宏,False,0,33
6063,王淑芬,False,0,33
6064,陳信宏,False,0,33
6065,李淑英,False,1,33
6066,李承恩,False,0,33
6067,李承恩,False,0,33
6068,王俊凱,False,0,33
6069,李承恩,False,0,33
6070,李秀云,False,1,33
6071,张志强,False,1,33
6072,陳信宏,False,0,33
6073,陳信宏,False,0,33
6074,陳信宏,False,0,33
6075,陳信宏,False,0,33
6076,王俊凱,False,0,33
6077,王俊凱,False,0,33
6078,李秀云,False,1,33
6079,张志强,False,1,33
6080,王俊凱,False,0,33
6081,王淑华,False,1,33
6082,李承恩,False,0,33
6083,王婷婷,False,1,33
6084,张志强,False,1,33
6085,李秀云,False,1,33
6086,陳信宏,False,0,33
6087,王俊凱,False,0,33
6088,王淑华,False,1,33
6089,王俊凱,False,0,33
6090,李承恩,False,0,33
6091,陳信宏,False,0,33
6092,李承恩,False,0,33
6093,陳信宏,False,0,33
6094,陳淑惠,False,0,33
6095,王俊凱,False,0,33
6096,王俊凱,False,0,33
6097,李承恩,False,0,33
6098,李秀云,False,1,33
6099,王俊凱,False,0,33
6100,李秀云,False,1,33
6101,李承恩,False,0,33
6102,李承恩,False,0,33
6103,张志强,False,1,33
6104,王婷婷,False,1,33
6105,陳淑惠,False,0,33
6106,李承恩,False,0,33
6107,陳信宏,False,0,33
6108,陳信宏,False,0,33
6109,王淑华,False,1,33
6110,陳信宏,False,0,33
6111,李秀云,False,1,33
6112,李承恩,False,0,33
6113,陳奕安,False,0,33
6114,王俊凱,False,0,33
6115,李秀云,False,1,33
6116,李承恩,False,0,33
6117,陳信宏,False,0,33
6118,李承恩,False,0,33
6119,王俊凱,False,0,33
6120,,True,-1,34
6121,林建志,False,0,34
6122,李建興,False,0,34
6123,李建興,False,0,34
6124,林子傑,False,0,34
6125,林子傑,False,0,34
6126,林建志,False,0,34
6127,林子傑,False,0,34
6128,李秀华,False,1,34
6129,李秀华,False,1,34
6130,林建志,False,0,34
6131,陳柏安,False,0,34
6132,林子傑,False,0,34
6133,李建興,False,0,34
6134,林子傑,False,0,34
6135,林子傑,False,0,34
6136,李建興,False,0,34
6137,李建興,False,0,34
6138,林子傑,False,0,34
6139,李建興,False,0,34
6140,林子傑,False,0,34
6141,王海燕,False,1,34
6142,林子傑,False,0,34
6143,李建興,False,0,34
6144,林子傑,False,0,34
6145,林子傑,False,0,34
6146,林子傑,False,0,34
6147,李建興,False,0,34
6148,李建興,False,0,34
6149,李建興,False,0,34
6150,李建興,False,0,34
6151,林子傑,False,0,34
6152,王建国,False,1,34
6153,林子傑,False,0,34
6154,李建興,False,0,34
6155,李建興,False,0,34
6156,李建興,False,0,34
6157,林建志,False,0,34
6158,林子傑,False,0,34
6159,李建興,False,0,34
6160,李建興,False,0,34
6161,林子傑,False,0,34
6162,李建興,False,0,34
6163,李秀华,False,1,34
6164,林子傑,False,0,34
6165,林子傑,False,0,34
6166,李建興,False,0,34
6167,李建興,False,0,34
6168,李建興,False,0,34
6169,林子傑,False,0,34
6170,李建興,False,0,34
6171,李建興,False,0,34
6172,李建興,False,0,34
6173,林建志,False,0,34
6174,林子傑,False,0,34
6175,林子傑,False,0,34
6176,林子傑,False,0,34
6177,李建興,False,0,34
6178,李秀华,False,1,34
6179,李建興,False,0,34
6180,李秀华,False,1,34
6181,林子傑,False,0,34
6182,李秀华,False,1,34
6183,李建興,False,0,34
6184,李建興,False,0,34
6185,李建興,False,0,34
6186,李建興,False,0,34
6187,李建興,False,0,34
6188,李建興,False,0,34
6189,李建興,False,0,34
6190,李建興,False,0,34
6191,李建興,False,0,34
6192,李建興,False,0,34
6193,林建志,False,0,34
6194,李建興,False,0,34
6195,李建興,False,0,34
6196,林子傑,False,0,34
6197,李建興,False,0,34
6198,张建国,False,1,34
6199,李建興,False,0,34
6200,李建興,False,0,34
6201,林子傑,False,0,34
6202,李建興,False,0,34
6203,李建興,False,0,34
6204,李建興,False,0,34
6205,李建興,False,0,34
6206,李建興,False,0,34
6207,李建興,False,0,34
6208,林建志,False,0,34
6209,王秀梅,False,1,34
6210,李建興,False,0,34
6211,林建志,False,0,34
6212,李建興,False,0,34
6213,李秀华,False,1,34
6214,李建興,False,0,34
6215,李建興,False,0,34
6216,林子傑,False,0,34
6217,林子傑,False,0,34
6218,林子傑,False,0,34
6219,林淑芬,False,0,34
6220,李红梅,False,1,34
6221,李秀华,False,1,34
6222,林子傑,False,0,34
6223,林子傑,False,0,34
6224,李红梅,False,1,34
6225,李秀华,False,1,34
6226,陳柏安,False,0,34
6227,李建興,False,0,34
6228,王海燕,False,1,34
6229,李红梅,False,1,34
6230,林子傑,False,0,34
6231,李建興,False,0,34
6232,李建興,False,0,34
6233,王建国,False,1,34
6234,李建興,False,0,34
6235,王建国,False,1,34
6236,林建志,False,0,34
6237,林子傑,False,0,34
6238,王建国,False,1,34
6239,林子傑,False,0,34
6240,,True,-1,34
6241,林建志,False,0,34
6242,李秀华,False,1,34
6243,李建興,False,0,34
6244,林建志,False,0,34
6245,李建興,False,0,34
6246,李建興,False,0,34
6247,李建興,False,0,34
6248,林子傑,False,0,34
6249,李秀华,False,1,34
6250,林建志,False,0,34
6251,王建国,False,1,34
6252,林建志,False,0,34
6253,李建興,False,0,34
6254,林建志,False,0,34
6255,林建志,False,0,34
6256,林子傑,False,0,34
6257,王海燕,False,1,34
6258,林子傑,False,0,34
6259,李建興,False,0,34
6260,李秀华,False,1,34
6261,林子傑,False,0,34
6262,王海燕,False,1,34
6263,林子傑,False,0,34
6264,林建志,False,0,34
6265,李建興,False,0,34
6266,林子傑,False,0,34
6267,李建興,False,0,34
6268,林建志,False,0,34
6269,李建興,False,0,34
6270,李建興,False,0,34
6271,李秀华,False,1,34
6272,林子傑,False,0,34
6273,李秀华,False,1,34
6274,李建興,False,0,34
6275,李建興,False,0,34
6276,李红梅,False,1,34
6277,李秀华,False,1,34
6278,林子傑,False,0,34
6279,林建志,False,0,34
6280,李秀华,False,1,34
6281,李红梅,False,1,34
6282,李秀华,False,1,34
6283,李建興,False,0,34
6284,林子傑,False,0,34
6285,李秀华,False,1,34
6286,林建志,False,0,34
6287,李建興,False,0,34
6288,李建興,False,0,34
6289,李建興,False,0,34
6290,李建興,False,0,34
6291,王海燕,False,1,34
6292,李建興,False,0,34
6293,李建興,False,0,34
6294,李建興,False,0,34
6295,李建興,False,0,34
6296,李建興,False,0,34
6297,林建志,False,0,34
6298,李红梅,False,1,34
6299,林建志,False,0,34
6300,李志强,False,1,35
6301,陳柏安,False,0,35
6302,李志强,False,1,35
6303,陳柏安,False,0,35
6304,陳柏安,False,0,35
6305,李志强,False,1,35
6306,李志强,False,1,35
6307,陳柏安,False,0,35
6308,陳柏安,False,0,35
6309,陳冠霖,False,0,35
6310,陳俊良,False,0,35
6311,李志强,False,1,35
6312,李志强,False,1,35
6313,李志强,False,1,35
6314,李志强,False,1,35
6315,李志强,False,1,35
6316,陳俊良,False,0,35
6317,李志强,False,1,35
6318,李志强,False,1,35
6319,王建军,False,1,35
6320,王建军,False,1,35
6321,陳柏安,False,0,35
6322,李志强,False,1,35
6323,李志强,False,1,35
6324,李志强,False,1,35
6325,李志强,False,1,35
6326,陳冠霖,False,0,35
6327,陳冠霖,False,0,35
6328,陳柏安,False,0,35
6329,李志强,False,1,35
6330,陳冠霖,False,0,35
6331,李志强,False,1,35
6332,陳冠霖,False,0,35
6333,陳柏安,False,0,35
6334,陳冠霖,False,0,35
6335,陳冠霖,False,0,35
6336,李志强,False,1,35
6337,陳冠霖,False,0,35
6338,李志强,False,1,35
6339,陳柏安,False,0,35
6340,李志强,False,1,35
6341,李志强,False,1,35
6342,李志强,False,1,35
6343,李志强,False,1,35
6344,陳俊良,False,0,35
6345,王建军,False,1,35
6346,陳柏安,False,0,35
6347,李志强,False,1,35
6348,陳冠霖,False,0,35
6349,陳冠霖,False,0,35
6350,李志强,False,1,35
6351,李志强,False,1,35
6352,陳柏安,False,0,35
6353,李志强,False,1,35
6354,李志强,False,1,35
6355,陳冠霖,False,0,35
6356,李志强,False,1,35
6357,李志强,False,1,35
6358,李志强,False,1,35
6359,李志强,False,1,35
6360,李志强,False,1,35
6361,李志强,False,1,35
6362,王建军,False,1,35
6363,王建军,False,1,35
6364,陳俊良,False,0,35
6365,李志强,False,1,35
6366,王建军,False,1,35
6367,李志强,False,1,35
6368,李志强,False,1,35
6369,李志强,False,1,35
6370,李志强,False,1,35
6371,王建军,False,1,35
6372,李志强,False,1,35
6373,李志强,False,1,35
6374,王建军,False,1,35
6375,陳冠霖,False,0,35
6376,陳俊良,False,0,35
6377,李志强,False,1,35
6378,李志强,False,1,35
6379,李志强,False,1,35
6380,李志强,False,1,35
6381,陳俊良,False,0,35
6382,李志强,False,1,35
6383,李志强,False,1,35
6384,李志强,False,1,35
6385,陳俊良,False,0,35
6386,陳冠霖,False,0,35
6387,李志强,False,1,35
6388,陳俊良,False,0,35
6389,陳冠霖,False,0,35
6390,李志强,False,1,35
6391,陳冠霖,False,0,35
6392,陳柏安,False,0,35
6393,李志强,False,1,35
6394,李志强,False,1,35
6395,李志强,False,1,35
6396,陳冠霖,False,0,35
6397,李志强,False,1,35
6398,陳柏安,False,0,35
6399,陳冠霖,False,0,35
6400,陳冠霖,False,0,35
6401,李志强,False,1,35
6402,李志强,False,1,35
6403,李志强,False,1,35
6404,李志强,False,1,35
6405,陳俊良,False,0,35
6406,李志强,False,1,35
6407,陳美惠,False,0,35
6408,陳俊良,False,0,35
6409,李志强,False,1,35
6410,陳柏安,False,0,35
6411,李志强,False,1,35
6412,李志强,False,1,35
6413,陳柏安,False,0,35
6414,陳冠霖,False,0,35
6415,李志强,False,1,35
6416,陳冠霖,False,0,35
6417,陳俊良,False,0,35
6418,陳柏安,False,0,35
6419,王建军,False,1,35
6420,李志强,False,1,35
6421,李志强,False,1,35
6422,李志强,False,1,35
6423,陳冠霖,False,0,35
6424,李淑英,False,1,35
6425,李志强,False,1,35
6426,李志强,False,1,35
6427,李志强,False,1,35
6428,蔡承翰,False,0,35
6429,王建军,False,1,35
6430,李志强,False,1,35
6431,陳俊良,False,0,35
6432,李志强,False,1,35
6433,李志强,False,1,35
6434,李志强,False,1,35
6435,李志强,False,1,35
6436,李志强,False,1,35
6437,陳柏安,False,0,35
6438,李志强,False,1,35
6439,陳柏安,False,0,35
6440,王建军,False,1,35
6441,陳柏安,False,0,35
6442,陳冠霖,False,0,35
6443,陳冠霖,False,0,35
6444,陳柏安,False,0,35
6445,李志强,False,1,35
6446,李志强,False,1,35
6447,李志强,False,1,35
6448,陳冠霖,False,0,35
6449,王建军,False,1,35
6450,李志强,False,1,35
6451,陳柏安,False,0,35
6452,李志强,False,1,35
6453,陳柏安,False,0,35
6454,陳俊良,False,0,35
6455,李淑英,False,1,35
6456,陳柏安,False,0,35
6457,陳俊良,False,0,35
6458,李志强,False,1,35
6459,王建军,False,1,35
6460,李志强,False,1,35
6461,李志强,False,1,35
6462,陳冠霖,False,0,35
6463,李志强,False,1,35
6464,陳俊良,False,0,35
6465,李志强,False,1,35
6466,王建军,False,1,35
6467,李志强,False,1,35
6468,王建军,False,1,35
6469,李志强,False,1,35
6470,王建军,False,1,35
6471,王建军,False,1,35
6472,李志强,False,1,35
6473,陳美惠,False,0,35
6474,陳冠霖,False,0,35
6475,李志强,False,1,35
6476,王建军,False,1,35
6477,李志强,False,1,35
6478,李志强,False,1,35
6479,陳冠霖,False,0,35
6480,李建興,False,0,36
6481,陳建志,False,0,36
6482,林麗華,False,0,36
6483,陳建志,False,0,36
6484,陳建志,False,0,36
6485,陳建銘,False,0,36
6486,张秀云,False,1,36
6487,李建興,False,0,36
6488,陳建銘,False,0,36
6489,李建興,False,0,36
6490,李建興,False,0,36
6491,陳建志,False,0,36
6492,李建興,False,0,36
6493,林正雄,False,0,36
6494,陳建志,False,0,36
6495,陳建銘,False,0,36
6496,陳建志,False,0,36
6497,李建興,False,0,36
6498,李建興,False,0,36
6499,李建興,False,0,36
6500,陳昱安,False,0,36
6501,李建興,False,0,36
6502,李丹丹,False,1,36
6503,陳建志,False,0,36
6504,陳美華,False,0,36
6505,李建興,False,0,36
6506,李建興,False,0,36
6507,陳建志,False,0,36
6508,陈秀珍,False,1,36
6509,李建興,False,0,36
6510,李建興,False,0,36
6511,李建興,False,0,36
6512,陳建銘,False,0,36
6513,陳建銘,False,0,36
6514,李丹丹,False,1,36
6515,陳建志,False,0,36
6516,陳建銘,False,0,36
6517,陳建志,False,0,36
6518,陳秀蘭,False,0,36
6519,陳建志,False,0,36
6520,陳建志,False,0,36
6521,李建興,False,0,36
6522,陳建志,False,0,36
6523,张秀云,False,1,36
6524,陳建銘,False,0,36
6525,李建興,False,0,36
6526,李建興,False,0,36
6527,杨秀珍,False,1,36
6528,陳建志,False,0,36
6529,李建興,False,0,36
6530,李丹丹,False,1,36
6531,李丹丹,False,1,36
6532,陳建志,False,0,36
6533,陈秀珍,False,1,36
6534,李建興,False,0,36
6535,陳美華,False,0,36
6536,李建興,False,0,36
6537,李丹丹,False,1,36
6538,李丹丹,False,1,36
6539,陳建銘,False,0,36
6540,陳美華,False,0,36
6541,陳建志,False,0,36
6542,李建興,False,0,36
6543,李建興,False,0,36
6544,李建興,False,0,36
6545,李建興,False,0,36
6546,李丹丹,False,1,36
6547,张秀云,False,1,36
6548,李建興,False,0,36
6549,陈秀珍,False,1,36
6550,李建興,False,0,36
6551,陳建志,False,0,36
6552,陳建志,False,0,36
6553,李建興,False,0,36
6554,李建興,False,0,36
6555,陳建志,False,0,36
6556,林麗華,False,0,36
6557,林麗華,False,0,36
6558,陳建志,False,0,36
6559,陳建志,False,0,36
6560,陳建銘,False,0,36
6561,陳建志,False,0,36
6562,李建興,False,0,36
6563,陳建志,False,0,36
6564,李丹丹,False,1,36
6565,陳建銘,False,0,36
6566,陳昱安,False,0,36
6567,李丹丹,False,1,36
6568,林正雄,False,0,36
6569,李建興,False,0,36
6570,陳建銘,False,0,36
6571,陳建志,False,0,36
6572,李建興,False,0,36
6573,陈秀珍,False,1,36
6574,李建興,False,0,36
6575,陳建銘,False,0,36
6576,李建興,False,0,36
6577,李建興,False,0,36
6578,李建興,False,0,36
6579,林正雄,False,0,36
6580,李建興,False,0,36
6581,陳建志,False,0,36
6582,陳建志,False,0,36
6583,陳建銘,False,0,36
6584,李建興,False,0,36
6585,陳建銘,False,0,36
6586,陳建志,False,0,36
6587,李建興,False,0,36
6588,陳建志,False,0,36
6589,陳建志,False,0,36
6590,张婷婷,False,1,36
6591,李建興,False,0,36
6592,李建興,False,0,36
6593,李建興,False,0,36
6594,李建興,False,0,36
6595,李建興,False,0,36
6596,陳建志,False,0,36
6597,陳建志,False,0,36
6598,陳建銘,False,0,36
6599,陳美華,False,0,36
6600,张婷婷,False,1,36
6601,李建興,False,0,36
6602,李建興,False,0,36
6603,李丹丹,False,1,36
6604,陳秀蘭,False,0,36
6605,李建興,False,0,36
6606,李建興,False,0,36
6607,李建興,False,0,36
6608,李丹丹,False,1,36
6609,陳建志,False,0,36
6610,陳建志,False,0,36
6611,陳建志,False,0,36
6612,陳建志,False,0,36
6613,陳美華,False,0,36
6614,张婷婷,False,1,36
6615,陳建志,False,0,36
6616,李建興,False,0,36
6617,林正雄,False,0,36
6618,陳建志,False,0,36
6619,李建興,False,0,36
6620,陳建志,False,0,36
6621,陳建志,False,0,36
6622,陈玉英,False,1,36
6623,陳建志,False,0,36
6624,李建興,False,0,36
6625,陳建志,False,0,36
6626,李建興,False,0,36
6627,林正雄,False,0,36
6628,林正雄,False,0,36
6629,张婷婷,False,1,36
6630,李建興,False,0,36
6631,李建興,False,0,36
6632,陳建志,False,0,36
6633,李建興,False,0,36
6634,林正雄,False,0,36
6635,林正雄,False,0,36
6636,李建興,False,0,36
6637,陳建志,False,0,36
6638,李建興,False,0,36
6639,陳建志,False,0,36
6640,陳建銘,False,0,36
6641,陳建志,False,0,36
6642,陈秀珍,False,1,36
6643,陳美華,False,0,36
6644,李建興,False,0,36
6645,张婷婷,False,1,36
6646,李建興,False,0,36
6647,陳建志,False,0,36
6648,林正雄,False,0,36
6649,陳秀蘭,False,0,36
6650,陳建銘,False,0,36
6651,李建興,False,0,36
6652,陳建銘,False,0,36
6653,李建興,False,0,36
6654,李建興,False,0,36
6655,李建興,False,0,36
6656,陳建銘,False,0,36
6657,陳建志,False,0,36
6658,陳建志,False,0,36
6659,林正雄,False,0,36
6660,陳宥廷,False,0,37
6661,陳美惠,False,0,37
6662,林子傑,False,0,37
6663,陳美惠,False,0,37
6664,林子傑,False,0,37
6665,王海燕,False,1,37
6666,張凱翔,False,0,37
6667,林子傑,False,0,37
6668,陳美惠,False,0,37
6669,林子傑,False,0,37
6670,陳美惠,False,0,37
6671,林子傑,False,0,37
6672,陳宥廷,False,0,37
6673,陳淑貞,False,0,37
6674,陳麗美,False,0,37
6675,張凱翔,False,0,37
6676,陳麗美,False,0,37
6677,,True,-1,37
6678,張凱翔,False,0,37
6679,王海燕,False,1,37
6680,王海燕,False,1,37
6681,王春梅,False,1,37
6682,王海燕,False,1,37
6683,陳宥廷,False,0,37
6684,林子傑,False,0,37
6685,陳美惠,False,0,37
6686,林子傑,False,0,37
6687,林子傑,False,0,37
6688,王海燕,False,1,37
6689,吳俊毅,False,0,37
6690,林子傑,False,0,37
6691,王海燕,False,1,37
6692,陳宥廷,False,0,37
6693,林子傑,False,0,37
6694,王海燕,False,1,37
6695,林子傑,False,0,37
6696,陳宥廷,False,0,37
6697,王海燕,False,1,37
6698,陳麗美,False,0,37
6699,王春梅,False,1,37
6700,王海燕,False,1,37
6701,林子傑,False,0,37
6702,林子傑,False,0,37
6703,王海燕,False,1,37
6704,王海燕,False,1,37
6705,林子傑,False,0,37
6706,王海燕,False,1,37
6707,林子傑,False,0,37
6708,陳淑貞,False,0,37
6709,王海燕,False,1,37
6710,林子傑,False,0,37
6711,林子傑,False,0,37
6712,張凱翔,False,0,37
6713,陳美惠,False,0,37
6714,王海燕,False,1,37
6715,王海燕,False,1,37
6716,陳美惠,False,0,37
6717,陈建华,False,1,37
6718,林子傑,False,0,37
6719,林子傑,False,0,37
6720,陳美惠,False,0,37
6721,王海燕,False,1,37
6722,林子傑,False,0,37
6723,王海燕,False,1,37
6724,林子傑,False,0,37
6725,林子傑,False,0,37
6726,陳美惠,False,0,37
6727,陳麗美,False,0,37
6728,王春梅,False,1,37
6729,王海燕,False,1,37
6730,王海燕,False,1,37
6731,王海燕,False,1,37
6732,陳麗美,False,0,37
6733,陳美惠,False,0,37
6734,林子傑,False,0,37
6735,張凱翔,False,0,37
6736,林子傑,False,0,37
6737,陳美惠,False,0,37
6738,陳宥廷,False,0,37
6739,張淑惠,False,0,37
6740,林子傑,False,0,37
6741,張凱翔,False,0,37
6742,林子傑,False,0,37
6743,林子傑,False,0,37
6744,陳麗美,False,0,37
6745,王海燕,False,1,37
6746,王海燕,False,1,37
6747,林子傑,False,0,37
6748,王海燕,False,1,37
6749,林子傑,False,0,37
6750,陳美惠,False,0,37
6751,林子傑,False,0,37
6752,林子傑,False,0,37
6753,陳淑貞,False,0,37
6754,陳淑貞,False,0,37
6755,林子傑,False,0,37
6756,林子傑,False,0,37
6757,陳宥廷,False,0,37
6758,陳美惠,False,0,37
6759,林子傑,False,0,37
6760,陳淑貞,False,0,37
6761,,True,-1,37
6762,張凱翔,False,0,37
6763,陳宥廷,False,0,37
6764,陳宥廷,False,0,37
6765,林子傑,False,0,37
6766,林子傑,False,0,37
6767,陳美惠,False,0,37
6768,陳美惠,False,0,37
6769,陳宥廷,False,0,37
6770,陳宥廷,False,0,37
6771,王春梅,False,1,37
6772,王海燕,False,1,37
6773,林子傑,False,0,37
6774,林子傑,False,0,37
6775,林美華,False,0,37
6776,王海燕,False,1,37
6777,林子傑,False,0,37
6778,林子傑,False,0,37
6779,陳美惠,False,0,37
6780,陳宥廷,False,0,37
6781,林子傑,False,0,37
6782,林子傑,False,0,37
6783,陳美惠,False,0,37
6784,张玉梅,False,1,37
6785,陳宥廷,False,0,37
6786,張凱翔,False,0,37
6787,陳淑貞,False,0,37
6788,陳麗美,False,0,37
6789,陳美惠,False,0,37
6790,林子傑,False,0,37
6791,王海燕,False,1,37
6792,林子傑,False,0,37
6793,林子傑,False,0,37
6794,王玉兰,False,1,37
6795,王海燕,False,1,37
6796,吳俊毅,False,0,37
6797,張凱翔,False,0,37
6798,王海燕,False,1,37
6799,吳俊毅,False,0,37
6800,吳俊毅,False,0,37
6801,陳宥廷,False,0,37
6802,林子傑,False,0,37
6803,王海燕,False,1,37
6804,林子傑,False,0,37
6805,陳宥廷,False,0,37
6806,王海燕,False,1,37
6807,陳美惠,False,0,37
6808,陳美惠,False,0,37
6809,陳淑貞,False,0,37
6810,林子傑,False,0,37
6811,王海燕,False,1,37
6812,林子傑,False,0,37
6813,陳宥廷,False,0,37
6814,王海燕,False,1,37
6815,王海燕,False,1,37
6816,林子傑,False,0,37
6817,林子傑,False,0,37
6818,林子傑,False,0,37
6819,陳宥廷,False,0,37
6820,王海燕,False,1,37
6821,王海燕,False,1,37
6822,林子傑,False,0,37
6823,王海燕,False,1,37
6824,林子傑,False,0,37
6825,王海燕,False,1,37
6826,吳俊毅,False,0,37
6827,王春梅,False,1,37
6828,陳宥廷,False,0,37
6829,王海燕,False,1,37
6830,陳麗美,False,0,37
6831,陳麗美,False,0,37
6832,王春梅,False,1,37
6833,王海燕,False,1,37
6834,陳麗美,False,0,37
6835,陳宥廷,False,0,37
6836,陳美惠,False,0,37
6837,陳宥廷,False,0,37
6838,陈建华,False,1,37
6839,陳美惠,False,0,37
6840,李秀云,False,1,38
6841,陳志偉,False,0,38
6842,李秀芳,False,1,38
6843,李志强,False,1,38
6844,李志强,False,1,38
6845,李志强,False,1,38
6846,李秀芳,False,1,38
6847,李秀芳,False,1,38
6848,李志强,False,1,38
6849,李志强,False,1,38
6850,李志强,False,1,38
6851,李志强,False,1,38
6852,林建成,False,0,38
6853,李志强,False,1,38
6854,李秀芳,False,1,38
6855,李志强,False,1,38
6856,李志强,False,1,38
6857,李志强,False,1,38
6858,李秀云,False,1,38
6859,陳志偉,False,0,38
6860,李志强,False,1,38
6861,陳志偉,False,0,38
6862,陳美雲,False,0,38
6863,李志强,False,1,38
6864,李志强,False,1,38
6865,李志强,False,1,38
6866,陳宥廷,False,0,38
6867,李淑兰,False,1,38
6868,李志强,False,1,38
6869,李志强,False,1,38
6870,李志强,False,1,38
6871,李志强,False,1,38
6872,陳志偉,False,0,38
6873,李志强,False,1,38
6874,陳志偉,False,0,38
6875,李秀芳,False,1,38
6876,李志强,False,1,38
6877,李秀云,False,1,38
6878,李秀云,False,1,38
6879,李志强,False,1,38
6880,李志强,False,1,38
6881,李志强,False,1,38
6882,李志强,False,1,38
6883,李秀云,False,1,38
6884,李志强,False,1,38
6885,陳志偉,False,0,38
6886,林美玲,False,0,38
6887,李志强,False,1,38
6888,林建成,False,0,38
6889,李志强,False,1,38
6890,李志强,False,1,38
6891,陳志偉,False,0,38
6892,陳志偉,False,0,38
6893,李志强,False,1,38
6894,李志强,False,1,38
6895,李志强,False,1,38
6896,李志强,False,1,38
6897,李秀云,False,1,38
6898,李志强,False,1,38
6899,李秀云,False,1,38
6900,陳俊宇,False,0,38
6901,李志强,False,1,38
6902,陳宥廷,False,0,38
6903,李志强,False,1,38
6904,李志强,False,1,38
6905,李秀云,False,1,38
6906,陳志偉,False,0,38
6907,李志强,False,1,38
6908,李秀云,False,1,38
6909,李志强,False,1,38
6910,李志强,False,1,38
6911,李秀云,False,1,38
6912,李秀云,False,1,38
6913,李秀云,False,1,38
6914,陳柏安,False,0,38
6915,李志强,False,1,38
6916,李志强,False,1,38
6917,李秀芳,False,1,38
6918,陳宥廷,False,0,38
6919,陳志偉,False,0,38
6920,李志强,False,1,38
6921,陳志偉,False,0,38
6922,李志强,False,1,38
6923,李志强,False,1,38
6924,李秀云,False,1,38
6925,李志强,False,1,38
6926,李志强,False,1,38
6927,李志强,False,1,38
6928,李志强,False,1,38
6929,李秀云,False,1,38
6930,陳志偉,False,0,38
6931,李志强,False,1,38
6932,李秀云,False,1,38
6933,李秀芳,False,1,38
6934,李志强,False,1,38
6935,李志强,False,1,38
6936,李志强,False,1,38
6937,陳志偉,False,0,38
6938,李秀云,False,1,38
6939,李志强,False,1,38
6940,李志强,False,1,38
6941,李志强,False,1,38
6942,李志强,False,1,38
6943,李志强,False,1,38
6944,李志强,False,1,38
6945,李志强,False,1,38
6946,李志强,False,1,38
6947,李志强,False,1,38
6948,李秀云,False,1,38
6949,李秀云,False,1,38
6950,林建成,False,0,38
6951,李志强,False,1,38
6952,李秀云,False,1,38
6953,李志强,False,1,38
6954,李秀芳,False,1,38
6955,李志强,False,1,38
6956,李志强,False,1,38
6957,陳志偉,False,0,38
6958,李志强,False,1,38
6959,李秀云,False,1,38
6960,陳志偉,False,0,38
6961,李志强,False,1,38
6962,李志强,False,1,38
6963,李志强,False,1,38
6964,李志强,False,1,38
6965,李志强,False,1,38
6966,李志强,False,1,38
6967,陳美雲,False,0,38
6968,陳志偉,False,0,38
6969,陳志偉,False,0,38
6970,李志强,False,1,38
6971,李志强,False,1,38
6972,李秀芳,False,1,38
6973,李志强,False,1,38
6974,李志强,False,1,38
6975,陳柏安,False,0,38
6976,陳志偉,False,0,38
6977,林建成,False,0,38
6978,陳志偉,False,0,38
6979,李志强,False,1,38
6980,李秀云,False,1,38
6981,李志强,False,1,38
6982,李志强,False,1,38
6983,李秀云,False,1,38
6984,李志强,False,1,38
6985,李志强,False,1,38
6986,林建成,False,0,38
6987,陳柏安,False,0,38
6988,林建成,False,0,38
6989,李秀云,False,1,38
6990,陳志偉,False,0,38
6991,李志强,False,1,38
6992,李秀云,False,1,38
6993,李志强,False,1,38
6994,李志强,False,1,38
6995,李秀云,False,1,38
6996,陳志偉,False,0,38
6997,林美玲,False,0,38
6998,林建成,False,0,38
6999,李秀云,False,1,38
7000,陳志偉,False,0,38
7001,李志强,False,1,38
7002,李志强,False,1,38
7003,陳志偉,False,0,38
7004,李秀云,False,1,38
7005,李志强,False,1,38
7006,林美玲,False,0,38
7007,陳柏安,False,0,38
7008,陳志偉,False,0,38
7009,李秀云,False,1,38
7010,李志强,False,1,38
7011,林建成,False,0,38
7012,李志强,False,1,38
7013,林建成,False,0,38
7014,李秀芳,False,1,38
7015,李志强,False,1,38
7016,李志强,False,1,38
7017,李志强,False,1,38
7018,李志强,False,1,38
7019,李志强,False,1,38
7020,林淑惠,False,0,39
7021,林俊宏,False,0,39
7022,林俊宏,False,0,39
7023,林哲宇,False,0,39
7024,林建宏,False,0,39
7025,李秀英,False,1,39
7026,林美華,False,0,39
7027,林俊宏,False,0,39
7028,杨秀珍,False,1,39
7029,林建宏,False,0,39
7030,林俊宏,False,0,39
7031,林建宏,False,0,39
7032,林美華,False,0,39
7033,林建宏,False,0,39
7034,林淑惠,False,0,39
7035,林哲宇,False,0,39
7036,林建宏,False,0,39
7037,林俊宏,False,0,39
7038,林哲宇,False,0,39
7039,林建宏,False,0,39
7040,林俊宏,False,0,39
7041,林哲宇,False,0,39
7042,林俊宏,False,0,39
7043,林哲宇,False,0,39
7044,林建宏,False,0,39
7045,林俊宏,False,0,39
7046,林建宏,False,0,39
7047,林俊宏,False,0,39
7048,林俊宏,False,0,39
7049,林建宏,False,0,39
7050,林美華,False,0,39
7051,林俊宏,False,0,39
7052,林建宏,False,0,39
7053,林淑惠,False,0,39
7054,林俊宏,False,0,39
7055,林淑惠,False,0,39
7056,林建宏,False,0,39
7057,林建宏,False,0,39
7058,林建宏,False,0,39
7059,林建宏,False,0,39
7060,张秀荣,False,1,39
7061,李秀英,False,1,39
7062,林俊宏,False,0,39
7063,林淑惠,False,0,39
7064,林哲宇,False,0,39
7065,林俊宏,False,0,39
7066,林俊宏,False,0,39
7067,林建宏,False,0,39
7068,林哲宇,False,0,39
7069,林哲宇,False,0,39
7070,林建宏,False,0,39
7071,林俊宏,False,0,39
7072,林建宏,False,0,39
7073,林建宏,False,0,39
7074,林建宏,False,0,39
7075,林建宏,False,0,39
7076,林建宏,False,0,39
7077,林哲宇,False,0,39
7078,林淑惠,False,0,39
7079,林俊宏,False,0,39
7080,林哲宇,False,0,39
7081,林建宏,False,0,39
7082,林建宏,False,0,39
7083,林俊宏,False,0,39
7084,林建宏,False,0,39
7085,林建宏,False,0,39
7086,林哲宇,False,0,39
7087,林淑惠,False,0,39
7088,林建宏,False,0,39
7089,林建宏,False,0,39
7090,林哲宇,False,0,39
7091,林俊宏,False,0,39
7092,林俊宏,False,0,39
7093,林建宏,False,0,39
7094,林建宏,False,0,39
7095,林俊宏,False,0,39
7096,林建宏,False,0,39
7097,林淑惠,False,0,39
7098,林俊宏,False,0,39
7099,林建宏,False,0,39
7100,林哲宇,False,0,39
7101,林建宏,False,0,39
7102,林哲宇,False,0,39
7103,林俊宏,False,0,39
7104,林建宏,False,0,39
7105,林建宏,False,0,39
7106,林俊宏,False,0,39
7107,林淑惠,False,0,39
7108,林俊宏,False,0,39
7109,林建宏,False,0,39
7110,林淑惠,False,0,39
7111,李秀英,False,1,39
7112,林建宏,False,0,39
7113,林建宏,False,0,39
7114,林哲宇,False,0,39
7115,林建宏,False,0,39
7116,林俊宏,False,0,39
7117,林俊宏,False,0,39
7118,林俊宏,False,0,39
7119,林俊宏,False,0,39
7120,林俊宏,False,0,39
7121,林俊宏,False,0,39
7122,林美華,False,0,39
7123,林建宏,False,0,39
7124,林哲宇,False,0,39
7125,林俊宏,False,0,39
7126,林俊宏,False,0,39
7127,林建宏,False,0,39
7128,林哲宇,False,0,39
7129,林建宏,False,0,39
7130,林美華,False,0,39
7131,李秀英,False,1,39
7132,林俊宏,False,0,39
7133,林淑惠,False,0,39
7134,林俊宏,False,0,39
7135,林建宏,False,0,39
7136,林俊宏,False,0,39
7137,林淑惠,False,0,39
7138,林哲宇,False,0,39
7139,林淑惠,False,0,39
7140,林建宏,False,0,39
7141,林建宏,False,0,39
7142,林俊宏,False,0,39
7143,林建宏,False,0,39
7144,林建宏,False,0,39
7145,林建宏,False,0,39
7146,林俊宏,False,0,39
7147,李秀英,False,1,39
7148,李秀英,False,1,39
7149,林淑惠,False,0,39
7150,林哲宇,False,0,39
7151,林淑惠,False,0,39
7152,林建宏,False,0,39
7153,林建宏,False,0,39
7154,林俊宏,False,0,39
7155,林哲宇,False,0,39
7156,林建宏,False,0,39
7157,林俊宏,False,0,39
7158,林哲宇,False,0,39
7159,林建宏,False,0,39
7160,林俊宏,False,0,39
7161,林建宏,False,0,39
7162,林哲宇,False,0,39
7163,李秀英,False,1,39
7164,林建宏,False,0,39
7165,林建宏,False,0,39
7166,林哲宇,False,0,39
7167,杨秀英,False,1,39
7168,林哲宇,False,0,39
7169,林哲宇,False,0,39
7170,林建宏,False,0,39
7171,林建宏,False,0,39
7172,林建宏,False,0,39
7173,林建宏,False,0,39
7174,林哲宇,False,0,39
7175,林哲宇,False,0,39
7176,林建宏,False,0,39
7177,林建宏,False,0,39
7178,林建宏,False,0,39
7179,林俊宏,False,0,39
7180,林俊宏,False,0,39
7181,林建宏,False,0,39
7182,林哲宇,False,0,39
7183,林俊宏,False,0,39
7184,林建宏,False,0,39
7185,林哲宇,False,0,39
7186,林建宏,False,0,39
7187,林俊宏,False,0,39
7188,林俊宏,False,0,39
7189,林哲宇,False,0,39
7190,林建宏,False,0,39
7191,林淑惠,False,0,39
7192,林俊宏,False,0,39
7193,林建宏,False,0,39
7194,林哲宇,False,0,39
7195,林建宏,False,0,39
7196,林建宏,False,0,39
7197,林哲宇,False,0,39
7198,林俊宏,False,0,39
7199,林建宏,False,0,39
7200,张海燕,False,1,40
7201,张海燕,False,1,40
7202,林子傑,False,0,40
7203,林正雄,False,0,40
7204,张海燕,False,1,40
7205,陳威廷,False,0,40
7206,林子傑,False,0,40
7207,陳彥廷,False,0,40
7208,张建华,False,1,40
7209,陳俊宇,False,0,40
7210,陈建华,False,1,40
7211,陳建成,False,0,40
7212,张建华,False,1,40
7213,林子傑,False,0,40
7214,林子傑,False,0,40
7215,张海燕,False,1,40
7216,陳建成,False,0,40
7217,林子傑,False,0,40
7218,林正雄,False,0,40
7219,林正雄,False,0,40
7220,林正雄,False,0,40
7221,林雅婷,False,0,40
7222,张海燕,False,1,40
7223,林正雄,False,0,40
7224,林子傑,False,0,40
7225,陳彥廷,False,0,40
7226,陳威廷,False,0,40
7227,林子傑,False,0,40
7228,陳建成,False,0,40
7229,陳俊宇,False,0,40
7230,林子傑,False,0,40
7231,张建华,False,1,40
7232,张海燕,False,1,40
7233,林雅婷,False,0,40
7234,李婷婷,False,1,40
7235,张建华,False,1,40
7236,陳建成,False,0,40
7237,陳建成,False,0,40
7238,张海燕,False,1,40
7239,张海燕,False,1,40
7240,张海燕,False,1,40
7241,陳威廷,False,0,40
7242,林子傑,False,0,40
7243,林子傑,False,0,40
7244,林雅婷,False,0,40
7245,林正雄,False,0,40
7246,张海燕,False,1,40
7247,林雅婷,False,0,40
7248,陈建华,False,1,40
7249,林子傑,False,0,40
7250,林雅婷,False,0,40
7251,林正雄,False,0,40
7252,林雅婷,False,0,40
7253,林子傑,False,0,40
7254,林正雄,False,0,40
7255,林雅婷,False,0,40
7256,林雅婷,False,0,40
7257,林雅婷,False,0,40
7258,林雅婷,False,0,40
7259,张海燕,False,1,40
7260,林子傑,False,0,40
7261,陳威廷,False,0,40
7262,林雅婷,False,0,40
7263,林雅婷,False,0,40
7264,张海燕,False,1,40
7265,张海燕,False,1,40
7266,张建华,False,1,40
7267,陳建成,False,0,40
7268,张海燕,False,1,40
7269,陳建成,False,0,40
7270,陳建成,False,0,40
7271,林正雄,False,0,40
7272,陳建成,False,0,40
7273,张海燕,False,1,40
7274,陳建成,False,0,40
7275,林雅婷,False,0,40
7276,林子傑,False,0,40
7277,林子傑,False,0,40
7278,张海燕,False,1,40
7279,林正雄,False,0,40
7280,张海燕,False,1,40
7281,张海燕,False,1,40
7282,林正雄,False,0,40
7283,陳俊宇,False,0,40
7284,林正雄,False,0,40
7285,陳俊宇,False,0,40
7286,林正雄,False,0,40
7287,张海燕,False,1,40
7288,张海燕,False,1,40
7289,林子傑,False,0,40
7290,林正雄,False,0,40
7291,林雅婷,False,0,40
7292,林正雄,False,0,40
7293,林正雄,False,0,40
7294,林雅婷,False,0,40
7295,张海燕,False,1,40
7296,林雅婷,False,0,40
7297,,True,-1,40
7298,林正雄,False,0,40
7299,李婷婷,False,1,40
7300,陳彥廷,False,0,40
7301,陳建成,False,0,40
7302,林子傑,False,0,40
7303,陳建成,False,0,40
7304,张海燕,False,1,40
7305,林正雄,False,0,40
7306,张海燕,False,1,40
7307,陳俊宇,False,0,40
7308,张建华,False,1,40
7309,林子傑,False,0,40
7310,陳威廷,False,0,40
7311,张建华,False,1,40
7312,陳威廷,False,0,40
7313,张海燕,False,1,40
7314,林雅婷,False,0,40
7315,陳俊宇,False,0,40
7316,张建华,False,1,40
7317,张海燕,False,1,40
7318,林正雄,False,0,40
7319,林雅婷,False,0,40
7320,林雅婷,False,0,40
7321,林雅婷,False,0,40
7322,张建华,False,1,40
7323,林子傑,False,0,40
7324,林正雄,False,0,40
7325,林雅婷,False,0,40
7326,林子傑,False,0,40
7327,陳俊宇,False,0,40
7328,林雅婷,False,0,40
7329,林正雄,False,0,40
7330,陳建成,False,0,40
7331,张海燕,False,1,40
7332,张海燕,False,1,40
7333,陳建成,False,0,40
7334,林雅婷,False,0,40
7335,陳彥廷,False,0,40
7336,陳俊宇,False,0,40
7337,张海燕,False,1,40
7338,林雅婷,False,0,40
7339,林雅婷,False,0,40
7340,林雅婷,False,0,40
7341,张海燕,False,1,40
7342,张海燕,False,1,40
7343,张海燕,False,1,40
7344,林雅婷,False,0,40
7345,陳建成,False,0,40
7346,林正雄,False,0,40
7347,林雅婷,False,0,40
7348,陳威廷,False,0,40
7349,张海燕,False,1,40
7350,林雅婷,False,0,40
7351,张海燕,False,1,40
7352,张海燕,False,1,40
7353,张建华,False,1,40
7354,张海燕,False,1,40
7355,林雅婷,False,0,40
7356,张海燕,False,1,40
7357,林正雄,False,0,40
7358,张海燕,False,1,40
7359,张海燕,False,1,40
7360,陳俊宇,False,0,40
7361,林雅婷,False,0,40
7362,林雅婷,False,0,40
7363,张海燕,False,1,40
7364,张海燕,False,1,40
7365,张建华,False,1,40
7366,张建华,False,1,40
7367,陳建成,False,0,40
7368,林子傑,False,0,40
7369,林正雄,False,0,40
7370,陳彥廷,False,0,40
7371,林雅婷,False,0,40
7372,林正雄,False,0,40
7373,林正雄,False,0,40
7374,陳威廷,False,0,40
7375,陳建成,False,0,40
7376,陳威廷,False,0,40
7377,陳建成,False,0,40
7378,林正雄,False,0,40
7379,林子傑,False,0,40
7380,王建平,False,1,41
7381,陳志成,False,0,41
7382,王冬梅,False,1,41
7383,楊宗翰,False,0,41
7384,王建平,False,1,41
7385,王冬梅,False,1,41
7386,王建平,False,1,41
7387,王红梅,False,1,41
7388,陳志成,False,0,41
7389,王建平,False,1,41
7390,李桂芝,False,1,41
7391,陳美華,False,0,41
7392,王建平,False,1,41
7393,王红梅,False,1,41
7394,王建平,False,1,41
7395,王建平,False,1,41
7396,王建平,False,1,41
7397,王建平,False,1,41
7398,王建平,False,1,41
7399,王建平,False,1,41
7400,王建平,False,1,41
7401,楊宗翰,False,0,41
7402,王建平,False,1,41
7403,王建平,False,1,41
7404,王建平,False,1,41
7405,王建平,False,1,41
7406,王建平,False,1,41
7407,王建平,False,1,41
7408,王建平,False,1,41
7409,王建平,False,1,41
7410,王建平,False,1,41
7411,楊宗翰,False,0,41
7412,王建平,False,1,41
7413,陳建志,False,0,41
7414,楊承翰,False,0,41
7415,李桂芝,False,1,41
7416,楊宗翰,False,0,41
7417,王建平,False,1,41
7418,李冬梅,False,1,41
7419,王丽娟,False,1,41
7420,王建平,False,1,41
7421,王建平,False,1,41
7422,陳美華,False,0,41
7423,李红霞,False,1,41
7424,王建平,False,1,41
7425,王建平,False,1,41
7426,王建平,False,1,41
7427,王建平,False,1,41
7428,王建平,False,1,41
7429,王建平,False,1,41
7430,王建平,False,1,41
7431,王建平,False,1,41
7432,王建平,False,1,41
7433,王红梅,False,1,41
7434,王建平,False,1,41
7435,楊承翰,False,0,41
7436,陳建志,False,0,41
7437,楊承翰,False,0,41
7438,王建平,False,1,41
7439,王红梅,False,1,41
7440,王建平,False,1,41
7441,王建平,False,1,41
7442,王建平,False,1,41
7443,王建平,False,1,41
7444,王建平,False,1,41
7445,楊承翰,False,0,41
7446,王建平,False,1,41
7447,陳建志,False,0,41
7448,王冬梅,False,1,41
7449,陳建志,False,0,41
7450,王建平,False,1,41
7451,王建平,False,1,41
7452,陳美華,False,0,41
7453,王建平,False,1,41
7454,楊宗翰,False,0,41
7455,王冬梅,False,1,41
7456,王建平,False,1,41
7457,王建平,False,1,41
7458,王建平,False,1,41
7459,王建平,False,1,41
7460,王建平,False,1,41
7461,王建平,False,1,41
7462,王建平,False,1,41
7463,王建平,False,1,41
7464,楊宗翰,False,0,41
7465,王建平,False,1,41
7466,楊承翰,False,0,41
7467,王建平,False,1,41
7468,陳建志,False,0,41
7469,王建平,False,1,41
7470,李桂芝,False,1,41
7471,王红梅,False,1,41
7472,楊承翰,False,0,41
7473,王建平,False,1,41
7474,王建平,False,1,41
7475,王建平,False,1,41
7476,王建平,False,1,41
7477,王建平,False,1,41
7478,王建平,False,1,41
7479,王红梅,False,1,41
7480,王建平,False,1,41
7481,王红梅,False,1,41
7482,王建平,False,1,41
7483,陳建志,False,0,41
7484,王建平,False,1,41
7485,王建平,False,1,41
7486,王建平,False,1,41
7487,王建平,False,1,41
7488,王冬梅,False,1,41
7489,王建平,False,1,41
7490,楊承翰,False,0,41
7491,王建平,False,1,41
7492,王建平,False,1,41
7493,王建平,False,1,41
7494,王冬梅,False,1,41
7495,王建平,False,1,41
7496,王建平,False,1,41
7497,王建平,False,1,41
7498,陳建志,False,0,41
7499,王建平,False,1,41
7500,楊宗翰,False,0,41
7501,陳建志,False,0,41
7502,陳建志,False,0,41
7503,王建平,False,1,41
7504,王建平,False,1,41
7505,王建平,False,1,41
7506,王建平,False,1,41
7507,王建平,False,1,41
7508,楊宗翰,False,0,41
7509,王建平,False,1,41
7510,王建平,False,1,41
7511,王建平,False,1,41
7512,楊承翰,False,0,41
7513,王建平,False,1,41
7514,王建平,False,1,41
7515,王建平,False,1,41
7516,王建平,False,1,41
7517,王建平,False,1,41
7518,王建平,False,1,41
7519,王建平,False,1,41
7520,陳志成,False,0,41
7521,王建平,False,1,41
7522,王建平,False,1,41
7523,王建平,False,1,41
7524,王冬梅,False,1,41
7525,王建平,False,1,41
7526,王建平,False,1,41
7527,王建平,False,1,41
7528,王建平,False,1,41
7529,王建平,False,1,41
7530,李红霞,False,1,41
7531,王建平,False,1,41
7532,王建平,False,1,41
7533,李桂芝,False,1,41
7534,王建平,False,1,41
7535,王建平,False,1,41
7536,王建平,False,1,41
7537,王建平,False,1,41
7538,王建平,False,1,41
7539,王建平,False,1,41
7540,王建平,False,1,41
7541,王建平,False,1,41
7542,王建平,False,1,41
7543,王冬梅,False,1,41
7544,王丽娟,False,1,41
7545,王建平,False,1,41
7546,楊承翰,False,0,41
7547,王建平,False,1,41
7548,王建平,False,1,41
7549,王建平,False,1,41
7550,李红霞,False,1,41
7551,王建平,False,1,41
7552,陳建志,False,0,41
7553,王建平,False,1,41
7554,王建平,False,1,41
7555,王建平,False,1,41
7556,李桂芝,False,1,41
7557,王建平,False,1,41
7558,李红霞,False,1,41
7559,王建平,False,1,41
7560,林秀美,False,0,42
7561,张建国,False,1,42
7562,张建华,False,1,42
7563,陳彥宇,False,0,42
7564,林明輝,False,0,42
7565,林秀美,False,0,42
7566,张建国,False,1,42
7567,王建华,False,1,42
7568,,True,-1,42
7569,张建华,False,1,42
7570,张建华,False,1,42
7571,林明輝,False,0,42
7572,陳冠廷,False,0,42
7573,林秀美,False,0,42
7574,林秀美,False,0,42
7575,张建华,False,1,42
7576,张建国,False,1,42
7577,张建华,False,1,42
7578,陳彥宇,False,0,42
7579,林秀美,False,0,42
7580,张建华,False,1,42
7581,张建国,False,1,42
7582,张建华,False,1,42
7583,王建华,False,1,42
7584,陳志偉,False,0,42
7585,张建国,False,1,42
7586,张建国,False,1,42
7587,林秀美,False,0,42
7588,林秀美,False,0,42
7589,张建华,False,1,42
7590,张建国,False,1,42
7591,张建国,False,1,42
7592,王建华,False,1,42
7593,林秀美,False,0,42
7594,林明輝,False,0,42
7595,林秀美,False,0,42
7596,张建国,False,1,42
7597,林秀美,False,0,42
7598,林明輝,False,0,42
7599,陳志偉,False,0,42
7600,林秀美,False,0,42
7601,林明輝,False,0,42
7602,林秀美,False,0,42
7603,林秀美,False,0,42
7604,张建国,False,1,42
7605,林秀美,False,0,42
7606,张淑兰,False,1,42
7607,陳冠宇,False,0,42
7608,林秀美,False,0,42
7609,林冠宏,False,0,42
7610,张建华,False,1,42
7611,张建国,False,1,42
7612,张建国,False,1,42
7613,林秀美,False,0,42
7614,张建华,False,1,42
7615,张建华,False,1,42
7616,林秀美,False,0,42
7617,张淑兰,False,1,42
7618,陳彥宇,False,0,42
7619,陳志偉,False,0,42
7620,张建国,False,1,42
7621,张建国,False,1,42
7622,林秀美,False,0,42
7623,陳志偉,False,0,42
7624,张建华,False,1,42
7625,林秀美,False,0,42
7626,张建国,False,1,42
7627,张建华,False,1,42
7628,陳冠廷,False,0,42
7629,张建国,False,1,42
7630,张建华,False,1,42
7631,林秀美,False,0,42
7632,张建国,False,1,42
7633,张建华,False,1,42
7634,林明輝,False,0,42
7635,王建华,False,1,42
7636,林秀美,False,0,42
7637,张建国,False,1,42
7638,张建国,False,1,42
7639,林明輝,False,0,42
7640,张建华,False,1,42
7641,张建华,False,1,42
7642,林明輝,False,0,42
7643,张建华,False,1,42
7644,林秀美,False,0,42
7645,张建华,False,1,42
7646,张建华,False,1,42
7647,林秀美,False,0,42
7648,张建华,False,1,42
7649,张建华,False,1,42
7650,林秀美,False,0,42
7651,张建华,False,1,42
7652,林秀美,False,0,42
7653,林秀美,False,0,42
7654,王建华,False,1,42
7655,林秀美,False,0,42
7656,陳冠宇,False,0,42
7657,张建华,False,1,42
7658,林秀美,False,0,42
7659,陳宥廷,False,0,42
7660,林秀美,False,0,42
7661,林秀美,False,0,42
7662,林秀美,False,0,42
7663,张建华,False,1,42
7664,林明輝,False,0,42
7665,王建华,False,1,42
7666,王建华,False,1,42
7667,林秀美,False,0,42
7668,陳冠廷,False,0,42
7669,张建华,False,1,42
7670,林秀美,False,0,42
7671,张建国,False,1,42
7672,陳冠宇,False,0,42
7673,王建华,False,1,42
7674,林秀美,False,0,42
7675,张建国,False,1,42
7676,张建国,False,1,42
7677,林秀美,False,0,42
7678,张建华,False,1,42
7679,林秀美,False,0,42
7680,张建华,False,1,42
7681,林秀美,False,0,42
7682,林秀美,False,0,42
7683,林秀美,False,0,42
7684,林秀美,False,0,42
7685,林冠宏,False,0,42
7686,张建华,False,1,42
7687,张淑兰,False,1,42
7688,林秀美,False,0,42
7689,林秀美,False,0,42
7690,林秀美,False,0,42
7691,林秀琴,False,0,42
7692,林明輝,False,0,42
7693,林秀美,False,0,42
7694,陳冠宇,False,0,42
7695,张建华,False,1,42
7696,张建国,False,1,42
7697,陳志偉,False,0,42
7698,张建华,False,1,42
7699,林秀美,False,0,42
7700,张建华,False,1,42
7701,王建华,False,1,42
7702,张建华,False,1,42
7703,林秀美,False,0,42
7704,张建国,False,1,42
7705,陳淑惠,False,0,42
7706,张桂珍,False,1,42
7707,林秀美,False,0,42
7708,王建华,False,1,42
7709,张建华,False,1,42
7710,林冠宏,False,0,42
7711,林秀美,False,0,42
7712,张建华,False,1,42
7713,林秀琴,False,0,42
7714,张建国,False,1,42
7715,张建华,False,1,42
7716,林秀美,False,0,42
7717,陳冠廷,False,0,42
7718,王建华,False,1,42
7719,张建华,False,1,42
7720,林秀美,False,0,42
7721,张建国,False,1,42
7722,张建华,False,1,42
7723,林秀美,False,0,42
7724,陳志偉,False,0,42
7725,张建华,False,1,42
7726,林秀美,False,0,42
7727,林秀美,False,0,42
7728,张建华,False,1,42
7729,林秀美,False,0,42
7730,张建华,False,1,42
7731,林秀美,False,0,42
7732,陳志偉,False,0,42
7733,张建华,False,1,42
7734,张建华,False,1,42
7735,林秀美,False,0,42
7736,陳淑惠,False,0,42
7737,林秀美,False,0,42
7738,林明輝,False,0,42
7739,林秀美,False,0,42
7740,陳建成,False,0,43
7741,陳宥蓁,False,0,43
7742,陳建成,False,0,43
7743,陳建成,False,0,43
7744,李志强,False,1,43
7745,王丽丽,False,1,43
7746,陳建成,False,0,43
7747,陳建成,False,0,43
7748,李建军,False,1,43
7749,陳建成,False,0,43
7750,李志强,False,1,43
7751,李建军,False,1,43
7752,李志强,False,1,43
7753,李建军,False,1,43
7754,张婷婷,False,1,43
7755,张海燕,False,1,43
7756,张丽华,False,1,43
7757,陳建成,False,0,43
7758,张海燕,False,1,43
7759,张海燕,False,1,43
7760,张海燕,False,1,43
7761,王秀云,False,1,43
7762,李志强,False,1,43
7763,李志强,False,1,43
7764,陳建成,False,0,43
7765,李建军,False,1,43
7766,王秀云,False,1,43
7767,张婷婷,False,1,43
7768,张海燕,False,1,43
7769,张海燕,False,1,43
7770,张海燕,False,1,43
7771,陳冠宇,False,0,43
7772,陳冠宇,False,0,43
7773,陳建成,False,0,43
7774,陳冠宇,False,0,43
7775,陳建成,False,0,43
7776,陳建成,False,0,43
7777,王秀云,False,1,43
7778,张丽华,False,1,43
7779,李建军,False,1,43
7780,张海燕,False,1,43
7781,李志强,False,1,43
7782,林美玉,False,0,43
7783,李建军,False,1,43
7784,王秀云,False,1,43
7785,陳冠宇,False,0,43
7786,张丽华,False,1,43
7787,陳建成,False,0,43
7788,李建军,False,1,43
7789,陳建成,False,0,43
7790,张海燕,False,1,43
7791,陳建成,False,0,43
7792,李志强,False,1,43
7793,张海燕,False,1,43
7794,王秀云,False,1,43
7795,李志强,False,1,43
7796,李志强,False,1,43
7797,王秀云,False,1,43
7798,陳建成,False,0,43
7799,张婷婷,False,1,43
7800,陳建成,False,0,43
7801,陳建成,False,0,43
7802,张婷婷,False,1,43
7803,张海燕,False,1,43
7804,陳冠宇,False,0,43
7805,李志强,False,1,43
7806,李志强,False,1,43
7807,陳冠宇,False,0,43
7808,张海燕,False,1,43
7809,陳建成,False,0,43
7810,王丽丽,False,1,43
7811,李志强,False,1,43
7812,王丽丽,False,1,43
7813,林美玉,False,0,43
7814,陳建成,False,0,43
7815,张海燕,False,1,43
7816,陳建成,False,0,43
7817,陳冠宇,False,0,43
7818,陳冠宇,False,0,43
7819,陳冠宇,False,0,43
7820,陳建成,False,0,43
7821,陳建成,False,0,43
7822,李建军,False,1,43
7823,李志强,False,1,43
7824,张丽华,False,1,43
7825,李建军,False,1,43
7826,陳冠宇,False,0,43
7827,陳建成,False,0,43
7828,李建军,False,1,43
7829,陳建成,False,0,43
7830,张海燕,False,1,43
7831,王丽丽,False,1,43
7832,陳建成,False,0,43
7833,林美玉,False,0,43
7834,陳建成,False,0,43
7835,李建军,False,1,43
7836,张海燕,False,1,43
7837,李建军,False,1,43
7838,张海燕,False,1,43
7839,陳建成,False,0,43
7840,张海燕,False,1,43
7841,张海燕,False,1,43
7842,李建军,False,1,43
7843,李建军,False,1,43
7844,陳建成,False,0,43
7845,李志强,False,1,43
7846,林美玉,False,0,43
7847,王秀云,False,1,43
7848,张海燕,False,1,43
7849,张婷婷,False,1,43
7850,张海燕,False,1,43
7851,李建军,False,1,43
7852,李建军,False,1,43
7853,李志强,False,1,43
7854,李志强,False,1,43
7855,张海燕,False,1,43
7856,陳建成,False,0,43
7857,张海燕,False,1,43
7858,张海燕,False,1,43
7859,林美玉,False,0,43
7860,陳冠宇,False,0,43
7861,王秀云,False,1,43
7862,张海燕,False,1,43
7863,张海燕,False,1,43
7864,王丽丽,False,1,43
7865,陳建成,False,0,43
7866,王丽丽,False,1,43
7867,张海燕,False,1,43
7868,李建军,False,1,43
7869,张海燕,False,1,43
7870,张婷婷,False,1,43
7871,李志强,False,1,43
7872,张海燕,False,1,43
7873,张海燕,False,1,43
7874,张丽华,False,1,43
7875,张婷婷,False,1,43
7876,张丽华,False,1,43
7877,张丽华,False,1,43
7878,林美玉,False,0,43
7879,张家豪,True,-1,43
7880,陳建成,False,0,43
7881,陳建成,False,0,43
7882,李建军,False,1,43
7883,李志强,False,1,43
7884,陳建成,False,0,43
7885,李志强,False,1,43
7886,张海燕,False,1,43
7887,陳冠宇,False,0,43
7888,张海燕,False,1,43
7889,陳宥蓁,False,0,43
7890,陳建成,False,0,43
7891,张丽华,False,1,43
7892,陳建成,False,0,43
7893,李志强,False,1,43
7894,张家豪,True,-1,43
7895,张海燕,False,1,43
7896,李志强,False,1,43
7897,王丽丽,False,1,43
7898,张海燕,False,1,43
7899,张海燕,False,1,43
7900,陳冠宇,False,0,43
7901,王秀云,False,1,43
7902,王秀云,False,1,43
7903,张海燕,False,1,43
7904,张海燕,False,1,43
7905,陳建成,False,0,43
7906,张海燕,False,1,43
7907,王丽丽,False,1,43
7908,陳冠宇,False,0,43
7909,李建军,False,1,43
7910,陳冠宇,False,0,43
7911,李志强,False,1,43
7912,李建军,False,1,43
7913,张婷婷,False,1,43
7914,张海燕,False,1,43
7915,李志强,False,1,43
7916,陳宥蓁,False,0,43
7917,陳建成,False,0,43
7918,陳建成,False,0,43
7919,张海燕,False,1,43
7920,陳思穎,False,0,44
7921,陳美麗,False,0,44
7922,張育誠,False,0,44
7923,陳美麗,False,0,44
7924,林欣怡,False,0,44
7925,陳麗美,False,0,44
7926,陳俊雄,False,0,44
7927,陳美玲,False,0,44
7928,陳思穎,False,0,44
7929,林欣怡,False,0,44
7930,陳思穎,False,0,44
7931,陳俊雄,False,0,44
7932,張育誠,False,0,44
7933,陳淑貞,False,0,44
7934,林欣怡,False,0,44
7935,陳淑貞,False,0,44
7936,陳思穎,False,0,44
7937,李红梅,False,1,44
7938,陳美麗,False,0,44
7939,陳思穎,False,0,44
7940,林欣怡,False,0,44
7941,陳美麗,False,0,44
7942,陳麗美,False,0,44
7943,陳思穎,False,0,44
7944,陳思穎,False,0,44
7945,陳美玲,False,0,44
7946,陳淑貞,False,0,44
7947,陳俊雄,False,0,44
7948,陳俊雄,False,0,44
7949,张秀云,False,1,44
7950,李桂英,False,1,44
7951,林欣怡,False,0,44
7952,陳思穎,False,0,44
7953,陳思穎,False,0,44
7954,陳美麗,False,0,44
7955,李红梅,False,1,44
7956,陳思穎,False,0,44
7957,李桂英,False,1,44
7958,林欣怡,False,0,44
7959,陳思穎,False,0,44
7960,陳思穎,False,0,44
7961,林怡君,False,0,44
7962,林欣怡,False,0,44
7963,陳思穎,False,0,44
7964,陳思穎,False,0,44
7965,陳淑貞,False,0,44
7966,陳美麗,False,0,44
7967,李红梅,False,1,44
7968,,True,-1,44
7969,陳美玲,False,0,44
7970,陳俊雄,False,0,44
7971,陳淑貞,False,0,44
7972,林怡君,False,0,44
7973,林怡君,False,0,44
7974,陳美玲,False,0,44
7975,陳思穎,False,0,44
7976,李淑华,False,1,44
7977,陳美麗,False,0,44
7978,陳美麗,False,0,44
7979,陳思穎,False,0,44
7980,陳美麗,False,0,44
7981,陳淑貞,False,0,44
7982,李桂英,False,1,44
7983,陳淑貞,False,0,44
7984,陳思穎,False,0,44
7985,李淑华,False,1,44
7986,林欣怡,False,0,44
7987,陳美玲,False,0,44
7988,李红梅,False,1,44
7989,陳美玲,False,0,44
7990,陳美麗,False,0,44
7991,陳淑貞,False,0,44
7992,陳美麗,False,0,44
7993,陳美麗,False,0,44
7994,陳思穎,False,0,44
7995,林欣怡,False,0,44
7996,陳思穎,False,0,44
7997,李淑华,False,1,44
7998,陳俊雄,False,0,44
7999,陳淑貞,False,0,44
8000,陳淑貞,False,0,44
8001,陳美麗,False,0,44
8002,陳淑貞,False,0,44
8003,李淑华,False,1,44
8004,陳思穎,False,0,44
8005,陳思穎,False,0,44
8006,李红梅,False,1,44
8007,陳俊雄,False,0,44
8008,林欣怡,False,0,44
8009,陳思穎,False,0,44
8010,陳麗美,False,0,44
8011,陳思穎,False,0,44
8012,陳思穎,False,0,44
8013,陳淑貞,False,0,44
8014,陳麗美,False,0,44
8015,陳思穎,False,0,44
8016,陳思穎,False,0,44
8017,李淑华,False,1,44
8018,陳思穎,False,0,44
8019,陳俊雄,False,0,44
8020,陳俊雄,False,0,44
8021,林欣怡,False,0,44
8022,陳美麗,False,0,44
8023,陳思穎,False,0,44
8024,李桂英,False,1,44
8025,林怡君,False,0,44
8026,陳思穎,False,0,44
8027,林欣怡,False,0,44
8028,陳思穎,False,0,44
8029,林欣怡,False,0,44
8030,陳麗美,False,0,44
8031,陳思穎,False,0,44
8032,陳俊雄,False,0,44
8033,李淑华,False,1,44
8034,李淑华,False,1,44
8035,陳思穎,False,0,44
8036,陳淑貞,False,0,44
8037,林欣怡,False,0,44
8038,陳美麗,False,0,44
8039,李淑华,False,1,44
8040,陳美麗,False,0,44
8041,陳思穎,False,0,44
8042,陳俊雄,False,0,44
8043,陳思穎,False,0,44
8044,陳思穎,False,0,44
8045,陳思穎,False,0,44
8046,陳麗美,False,0,44
8047,陳思穎,False,0,44
8048,李桂英,False,1,44
8049,林欣怡,False,0,44
8050,林怡君,False,0,44
8051,李桂英,False,1,44
8052,陳思穎,False,0,44
8053,張育誠,False,0,44
8054,陳淑貞,False,0,44
8055,陳淑貞,False,0,44
8056,李红梅,False,1,44
8057,陳俊雄,False,0,44
8058,陳思穎,False,0,44
8059,陳思穎,False,0,44
8060,林欣怡,False,0,44
8061,陳思穎,False,0,44
8062,陳俊雄,False,0,44
8063,陳俊雄,False,0,44
8064,陳思穎,False,0,44
8065,張育誠,False,0,44
8066,陳俊雄,False,0,44
8067,李红梅,False,1,44
8068,陳俊雄,False,0,44
8069,陳美麗,False,0,44
8070,林怡君,False,0,44
8071,陳俊雄,False,0,44
8072,林欣怡,False,0,44
8073,陳思穎,False,0,44
8074,张秀云,False,1,44
8075,陳美麗,False,0,44
8076,陳美麗,False,0,44
8077,陳思穎,False,0,44
8078,陳俊雄,False,0,44
8079,林欣怡,False,0,44
8080,李桂英,False,1,44
8081,陳美麗,False,0,44
8082,陳淑貞,False,0,44
8083,陳麗美,False,0,44
8084,陳淑貞,False,0,44
8085,陳俊雄,False,0,44
8086,陳思穎,False,0,44
8087,陳思穎,False,0,44
8088,陳思穎,False,0,44
8089,林欣怡,False,0,44
8090,陳思穎,False,0,44
8091,林欣怡,False,0,44
8092,陳思穎,False,0,44
8093,陳淑貞,False,0,44
8094,李淑华,False,1,44
8095,李桂英,False,1,44
8096,林欣怡,False,0,44
8097,林欣怡,False,0,44
8098,林欣怡,False,0,44
8099,陳美麗,False,0,44
8100,林志明,False,0,45
8101,林美惠,False,0,45
8102,林建志,False,0,45
8103,林美惠,False,0,45
8104,林建志,False,0,45
8105,林建志,False,0,45
8106,林志明,False,0,45
8107,林建志,False,0,45
8108,林建志,False,0,45
8109,林志明,False,0,45
8110,张建华,False,1,45
8111,林建志,False,0,45
8112,林美惠,False,0,45
8113,张建华,False,1,45
8114,林建志,False,0,45
8115,林建志,False,0,45
8116,林建志,False,0,45
8117,林美惠,False,0,45
8118,李海燕,False,1,45
8119,張家豪,False,0,45
8120,林美惠,False,0,45
8121,林志明,False,0,45
8122,林建志,False,0,45
8123,林志明,False,0,45
8124,林建志,False,0,45
8125,张秀荣,False,1,45
8126,林美惠,False,0,45
8127,林志明,False,0,45
8128,林建志,False,0,45
8129,林建志,False,0,45
8130,林志明,False,0,45
8131,林建志,False,0,45
8132,林美惠,False,0,45
8133,林美惠,False,0,45
8134,林志明,False,0,45
8135,林建志,False,0,45
8136,林建志,False,0,45
8137,林美惠,False,0,45
8138,林志明,False,0,45
8139,林美惠,False,0,45
8140,林建志,False,0,45
8141,林志明,False,0,45
8142,林建志,False,0,45
8143,张建华,False,1,45
8144,林志明,False,0,45
8145,林建志,False,0,45
8146,林志明,False,0,45
8147,張雅婷,False,0,45
8148,林志明,False,0,45
8149,林建志,False,0,45
8150,林建志,False,0,45
8151,林建志,False,0,45
8152,張雅雯,False,0,45
8153,林建志,False,0,45
8154,林美惠,False,0,45
8155,林志明,False,0,45
8156,張雅婷,False,0,45
8157,张秀荣,False,1,45
8158,林志明,False,0,45
8159,林建志,False,0,45
8160,林志明,False,0,45
8161,林美惠,False,0,45
8162,林建志,False,0,45
8163,林志明,False,0,45
8164,林建志,False,0,45
8165,林志明,False,0,45
8166,张建华,False,1,45
8167,张建华,False,1,45
8168,林建志,False,0,45
8169,张建华,False,1,45
8170,张建华,False,1,45
8171,李海燕,False,1,45
8172,林建志,False,0,45
8173,林建志,False,0,45
8174,张建华,False,1,45
8175,林志明,False,0,45
8176,张建华,False,1,45
8177,林建志,False,0,45
8178,林建志,False,0,45
8179,林建志,False,0,45
8180,林建志,False,0,45
8181,林建志,False,0,45
8182,林建志,False,0,45
8183,林美惠,False,0,45
8184,林建志,False,0,45
8185,林美惠,False,0,45
8186,林建志,False,0,45
8187,林志明,False,0,45
8188,林美惠,False,0,45
8189,林建志,False,0,45
8190,林建志,False,0,45
8191,林志明,False,0,45
8192,林建志,False,0,45
8193,林志明,False,0,45
8194,林建志,False,0,45
8195,林志明,False,0,45
8196,林建志,False,0,45
8197,林建志,False,0,45
8198,林志明,False,0,45
8199,林建志,False,0,45
8200,李雪梅,False,1,45
8201,林建志,False,0,45
8202,林美惠,False,0,45
8203,林建志,False,0,45
8204,林志明,False,0,45
8205,林建志,False,0,45
8206,林志明,False,0,45
8207,林建志,False,0,45
8208,张建华,False,1,45
8209,林建志,False,0,45
8210,林志明,False,0,45
8211,林美惠,False,0,45
8212,林建志,False,0,45
8213,张建华,False,1,45
8214,张建华,False,1,45
8215,林建志,False,0,45
8216,張哲瑋,False,0,45
8217,林建志,False,0,45
8218,林建志,False,0,45
8219,林志明,False,0,45
8220,林建志,False,0,45
8221,張哲瑋,False,0,45
8222,林建志,False,0,45
8223,林美惠,False,0,45
8224,林志明,False,0,45
8225,林志明,False,0,45
8226,林建志,False,0,45
8227,林建志,False,0,45
8228,林美惠,False,0,45
8229,林建志,False,0,45
8230,林志明,False,0,45
8231,林志明,False,0,45
8232,林建志,False,0,45
8233,張哲瑋,False,0,45
8234,林建志,False,0,45
8235,林建志,False,0,45
8236,李海燕,False,1,45
8237,林建志,False,0,45
8238,林志明,False,0,45
8239,林美惠,False,0,45
8240,林建志,False,0,45
8241,林志明,False,0,45
8242,林志明,False,0,45
8243,林建志,False,0,45
8244,林建志,False,0,45
8245,林志明,False,0,45
8246,李雪梅,False,1,45
8247,张家豪,True,-1,45
8248,林志明,False,0,45
8249,林建志,False,0,45
8250,林志明,False,0,45
8251,張家豪,False,0,45
8252,林志明,False,0,45
8253,林美惠,False,0,45
8254,林建志,False,0,45
8255,林志明,False,0,45
8256,林建志,False,0,45
8257,张秀荣,False,1,45
8258,林建志,False,0,45
8259,林建志,False,0,45
8260,张建华,False,1,45
8261,林建志,False,0,45
8262,林美惠,False,0,45
8263,林志明,False,0,45
8264,林建志,False,0,45
8265,林建志,False,0,45
8266,林美惠,False,0,45
8267,林志明,False,0,45
8268,張家豪,False,0,45
8269,林志明,False,0,45
8270,林建志,False,0,45
8271,林美惠,False,0,45
8272,林美惠,False,0,45
8273,林建志,False,0,45
8274,林建志,False,0,45
8275,林美惠,False,0,45
8276,林建志,False,0,45
8277,林美惠,False,0,45
8278,林志明,False,0,45
8279,林美惠,False,0,45
8280,张建军,False,1,46
8281,陳彥廷,False,0,46
8282,陳志宏,False,0,46
8283,陳威廷,False,0,46
8284,陳柏宇,False,0,46
8285,张建军,False,1,46
8286,张秀荣,False,1,46
8287,陳志宏,False,0,46
8288,陳威廷,False,0,46
8289,陳志宏,False,0,46
8290,张建军,False,1,46
8291,张建军,False,1,46
8292,陳威廷,False,0,46
8293,张建军,False,1,46
8294,张秀荣,False,1,46
8295,陳威廷,False,0,46
8296,陳志宏,False,0,46
8297,陳志宏,False,0,46
8298,张建军,False,1,46
8299,张建军,False,1,46
8300,陳威廷,False,0,46
8301,张秀荣,False,1,46
8302,陳志宏,False,0,46
8303,张建军,False,1,46
8304,陳冠廷,False,0,46
8305,张玉兰,False,1,46
8306,陳志宏,False,0,46
8307,张建军,False,1,46
8308,陳冠廷,False,0,46
8309,陳威廷,False,0,46
8310,张秀荣,False,1,46
8311,张建军,False,1,46
8312,陳志宏,False,0,46
8313,陳美玉,False,0,46
8314,陳柏宇,False,0,46
8315,陳志宏,False,0,46
8316,张建军,False,1,46
8317,陳柏宇,False,0,46
8318,陳柏宇,False,0,46
8319,陳志宏,False,0,46
8320,陳美玉,False,0,46
8321,陳彥廷,False,0,46
8322,张建军,False,1,46
8323,陳冠廷,False,0,46
8324,陳彥廷,False,0,46
8325,陳志宏,False,0,46
8326,张建军,False,1,46
8327,陳威廷,False,0,46
8328,陳彥廷,False,0,46
8329,陳美玉,False,0,46
8330,张建军,False,1,46
8331,张建军,False,1,46
8332,陳志宏,False,0,46
8333,张建军,False,1,46
8334,张建军,False,1,46
8335,张建军,False,1,46
8336,陳彥廷,False,0,46
8337,陳志宏,False,0,46
8338,张秀荣,False,1,46
8339,张建军,False,1,46
8340,陳彥廷,False,0,46
8341,陳怡如,False,0,46
8342,张建军,False,1,46
8343,陳志宏,False,0,46
8344,张建军,False,1,46
8345,张建军,False,1,46
8346,陳冠廷,False,0,46
8347,陳志宏,False,0,46
8348,陳冠廷,False,0,46
8349,陳怡如,False,0,46
8350,陳彥廷,False,0,46
8351,陳彥廷,False,0,46
8352,张建军,False,1,46
8353,陳柏宇,False,0,46
8354,陳志宏,False,0,46
8355,张秀荣,False,1,46
8356,张建军,False,1,46
8357,陳志宏,False,0,46
8358,张建军,False,1,46
8359,陳冠廷,False,0,46
8360,陳彥廷,False,0,46
8361,张建军,False,1,46
8362,陳彥廷,False,0,46
8363,楊承翰,False,0,46
8364,陳威廷,False,0,46
8365,张建军,False,1,46
8366,张秀荣,False,1,46
8367,陳志宏,False,0,46
8368,陳怡如,False,0,46
8369,张建军,False,1,46
8370,张秀荣,False,1,46
8371,陳怡如,False,0,46
8372,张建军,False,1,46
8373,张建军,False,1,46
8374,张秀荣,False,1,46
8375,陳柏宇,False,0,46
8376,张建军,False,1,46
8377,张建军,False,1,46
8378,张建军,False,1,46
8379,张建军,False,1,46
8380,张建军,False,1,46
8381,陳柏宇,False,0,46
8382,陳志宏,False,0,46
8383,陳志宏,False,0,46
8384,张秀荣,False,1,46
8385,陳美玉,False,0,46
8386,张秀荣,False,1,46
8387,陳冠廷,False,0,46
8388,陳彥廷,False,0,46
8389,张秀荣,False,1,46
8390,陳怡如,False,0,46
8391,张建军,False,1,46
8392,张建军,False,1,46
8393,陳志宏,False,0,46
8394,张建军,False,1,46
8395,陳威廷,False,0,46
8396,陳柏宇,False,0,46
8397,陳美玉,False,0,46
8398,陳冠廷,False,0,46
8399,张建军,False,1,46
8400,陳志宏,False,0,46
8401,陳冠廷,False,0,46
8402,陳志宏,False,0,46
8403,张秀荣,False,1,46
8404,陳志宏,False,0,46
8405,陳美玉,False,0,46
8406,张建军,False,1,46
8407,张建军,False,1,46
8408,陳美玉,False,0,46
8409,张秀荣,False,1,46
8410,陳怡如,False,0,46
8411,张建军,False,1,46
8412,张建军,False,1,46
8413,张建军,False,1,46
8414,陳柏宇,False,0,46
8415,陳柏宇,False,0,46
8416,张建军,False,1,46
8417,张秀荣,False,1,46
8418,陳柏宇,False,0,46
8419,陳怡如,False,0,46
8420,陳柏宇,False,0,46
8421,陳志宏,False,0,46
8422,张建军,False,1,46
8423,陳冠廷,False,0,46
8424,陳冠廷,False,0,46
8425,陳彥廷,False,0,46
8426,陳美玉,False,0,46
8427,张建军,False,1,46
8428,陳冠廷,False,0,46
8429,陳威廷,False,0,46
8430,张建军,False,1,46
8431,张秀荣,False,1,46
8432,陳美玉,False,0,46
8433,张建军,False,1,46
8434,张秀荣,False,1,46
8435,张建军,False,1,46
8436,陳威廷,False,0,46
8437,张秀荣,False,1,46
8438,张建军,False,1,46
8439,张建军,False,1,46
8440,,True,-1,46
8441,陳柏宇,False,0,46
8442,陳冠廷,False,0,46
8443,张建军,False,1,46
8444,陳志宏,False,0,46
8445,张建军,False,1,46
8446,张建军,False,1,46
8447,张秀荣,False,1,46
8448,张秀荣,False,1,46
8449,陳威廷,False,0,46
8450,陳怡如,False,0,46
8451,陳彥廷,False,0,46
8452,张秀荣,False,1,46
8453,张秀荣,False,1,46
8454,陳彥廷,False,0,46
8455,张建军,False,1,46
8456,张秀荣,False,1,46
8457,陳彥廷,False,0,46
8458,张建军,False,1,46
8459,陳威廷,False,0,46
8460,林信宏,False,0,47
8461,林信宏,False,0,47
8462,林信宏,False,0,47
8463,林信宏,False,0,47
8464,林彥廷,False,0,47
8465,林信宏,False,0,47
8466,林信宏,False,0,47
8467,林信宏,False,0,47
8468,林信宏,False,0,47
8469,林信宏,False,0,47
8470,林信宏,False,0,47
8471,林信宏,False,0,47
8472,林信宏,False,0,47
8473,林信宏,False,0,47
8474,林信宏,False,0,47
8475,林信宏,False,0,47
8476,林信宏,False,0,47
8477,林信宏,False,0,47
8478,林信宏,False,0,47
8479,林信宏,False,0,47
8480,林信宏,False,0,47
8481,林信宏,False,0,47
8482,林信宏,False,0,47
8483,林信宏,False,0,47
8484,林信宏,False,0,47
8485,林信宏,False,0,47
8486,林信宏,False,0,47
8487,林信宏,False,0,47
8488,林信宏,False,0,47
8489,林信宏,False,0,47
8490,林信宏,False,0,47
8491,林信宏,False,0,47
8492,林信宏,False,0,47
8493,林信宏,False,0,47
8494,林信宏,False,0,47
8495,林信宏,False,0,47
8496,林信宏,False,0,47
8497,林信宏,False,0,47
8498,林信宏,False,0,47
8499,林信宏,False,0,47
8500,林信宏,False,0,47
8501,林信宏,False,0,47
8502,林信宏,False,0,47
8503,林信宏,False,0,47
8504,林彥廷,False,0,47
8505,林冠宇,False,0,47
8506,林信宏,False,0,47
8507,林信宏,False,0,47
8508,林信宏,False,0,47
8509,林信宏,False,0,47
8510,林信宏,False,0,47
8511,林信宏,False,0,47
8512,林信宏,False,0,47
8513,林信宏,False,0,47
8514,林信宏,False,0,47
8515,林信宏,False,0,47
8516,林信宏,False,0,47
8517,林信宏,False,0,47
8518,林秀美,False,0,47
8519,林信宏,False,0,47
8520,林信宏,False,0,47
8521,林信宏,False,0,47
8522,林信宏,False,0,47
8523,林信宏,False,0,47
8524,林信宏,False,0,47
8525,林信宏,False,0,47
8526,林信宏,False,0,47
8527,林信宏,False,0,47
8528,林信宏,False,0,47
8529,林信宏,False,0,47
8530,林信宏,False,0,47
8531,林信宏,False,0,47
8532,林信宏,False,0,47
8533,林信宏,False,0,47
8534,林冠宇,False,0,47
8535,林信宏,False,0,47
8536,林信宏,False,0,47
8537,林秀美,False,0,47
8538,林信宏,False,0,47
8539,林宜蓁,False,0,47
8540,林信宏,False,0,47
8541,林信宏,False,0,47
8542,林冠宇,False,0,47
8543,林信宏,False,0,47
8544,林信宏,False,0,47
8545,林信宏,False,0,47
8546,林宜蓁,False,0,47
8547,林信宏,False,0,47
8548,林信宏,False,0,47
8549,林信宏,False,0,47
8550,林信宏,False,0,47
8551,林信宏,False,0,47
8552,林信宏,False,0,47
8553,林彥廷,False,0,47
8554,林信宏,False,0,47
8555,林信宏,False,0,47
8556,林信宏,False,0,47
8557,林信宏,False,0,47
8558,林信宏,False,0,47
8559,林信宏,False,0,47
8560,林信宏,False,0,47
8561,林信宏,False,0,47
8562,林信宏,False,0,47
8563,林信宏,False,0,47
8564,林信宏,False,0,47
8565,林信宏,False,0,47
8566,林信宏,False,0,47
8567,林宜蓁,False,0,47
8568,林信宏,False,0,47
8569,林信宏,False,0,47
8570,林信宏,False,0,47
8571,林信宏,False,0,47
8572,林信宏,False,0,47
8573,林信宏,False,0,47
8574,林信宏,False,0,47
8575,林信宏,False,0,47
8576,林信宏,False,0,47
8577,林信宏,False,0,47
8578,林信宏,False,0,47
8579,林信宏,False,0,47
8580,林信宏,False,0,47
8581,林信宏,False,0,47
8582,林信宏,False,0,47
8583,林信宏,False,0,47
8584,林信宏,False,0,47
8585,林信宏,False,0,47
8586,林信宏,False,0,47
8587,林信宏,False,0,47
8588,林秀美,False,0,47
8589,林信宏,False,0,47
8590,林信宏,False,0,47
8591,林信宏,False,0,47
8592,林信宏,False,0,47
8593,林信宏,False,0,47
8594,林信宏,False,0,47
8595,林信宏,False,0,47
8596,林信宏,False,0,47
8597,林彥廷,False,0,47
8598,林信宏,False,0,47
8599,林信宏,False,0,47
8600,林秀美,False,0,47
8601,林信宏,False,0,47
8602,林信宏,False,0,47
8603,林信宏,False,0,47
8604,林信宏,False,0,47
8605,林冠宇,False,0,47
8606,林信宏,False,0,47
8607,林信宏,False,0,47
8608,林信宏,False,0,47
8609,林彥廷,False,0,47
8610,林信宏,False,0,47
8611,林信宏,False,0,47
8612,林信宏,False,0,47
8613,林秀美,False,0,47
8614,林信宏,False,0,47
8615,林信宏,False,0,47
8616,林信宏,False,0,47
8617,林信宏,False,0,47
8618,林信宏,False,0,47
8619,林信宏,False,0,47
8620,林信宏,False,0,47
8621,林信宏,False,0,47
8622,林信宏,False,0,47
8623,林信宏,False,0,47
8624,林信宏,False,0,47
8625,林信宏,False,0,47
8626,林信宏,False,0,47
8627,林信宏,False,0,47
8628,林信宏,False,0,47
8629,林信宏,False,0,47
8630,林信宏,False,0,47
8631,林信宏,False,0,47
8632,林信宏,False,0,47
8633,林信宏,False,0,47
8634,林信宏,False,0,47
8635,林彥廷,False,0,47
8636,林信宏,False,0,47
8637,林信宏,False,0,47
8638,林信宏,False,0,47
8639,林信宏,False,0,47
8640,陳志強,False,0,48
8641,李承翰,False,0,48
8642,李秀英,False,1,48
8643,李承翰,False,0,48
8644,李承翰,False,0,48
8645,陳俊傑,False,0,48
8646,李秀芳,False,1,48
8647,李承翰,False,0,48
8648,李承翰,False,0,48
8649,陳美玉,False,0,48
8650,李秀芳,False,1,48
8651,李秀英,False,1,48
8652,李秀英,False,1,48
8653,李秀芳,False,1,48
8654,李承翰,False,0,48
8655,李秀英,False,1,48
8656,陳美雲,False,0,48
8657,陳志強,False,0,48
8658,陳俊傑,False,0,48
8659,李承翰,False,0,48
8660,李秀英,False,1,48
8661,陳志強,False,0,48
8662,李承翰,False,0,48
8663,李秀英,False,1,48
8664,陳俊傑,False,0,48
8665,李承翰,False,0,48
8666,李秀英,False,1,48
8667,李秀英,False,1,48
8668,李秀英,False,1,48
8669,李秀英,False,1,48
8670,李承翰,False,0,48
8671,李承翰,False,0,48
8672,陳俊傑,False,0,48
8673,李秀英,False,1,48
8674,陳志強,False,0,48
8675,李秀英,False,1,48
8676,李承翰,False,0,48
8677,李承翰,False,0,48
8678,李秀英,False,1,48
8679,李秀英,False,1,48
8680,李承翰,False,0,48
8681,陳美雲,False,0,48
8682,李秀英,False,1,48
8683,陳志強,False,0,48
8684,陳志強,False,0,48
8685,陳志強,False,0,48
8686,李承翰,False,0,48
8687,李秀芳,False,1,48
8688,李承翰,False,0,48
8689,李秀英,False,1,48
8690,李秀英,False,1,48
8691,李秀英,False,1,48
8692,李秀英,False,1,48
8693,陳俊傑,False,0,48
8694,李秀芳,False,1,48
8695,陳志強,False,0,48
8696,李承翰,False,0,48
8697,李秀芳,False,1,48
8698,陳志強,False,0,48
8699,李秀英,False,1,48
8700,李承翰,False,0,48
8701,陳志強,False,0,48
8702,李承翰,False,0,48
8703,李承翰,False,0,48
8704,陳美雲,False,0,48
8705,李秀英,False,1,48
8706,陳志強,False,0,48
8707,李承翰,False,0,48
8708,,True,-1,48
8709,李秀英,False,1,48
8710,陳志強,False,0,48
8711,李秀英,False,1,48
8712,李秀英,False,1,48
8713,,True,-1,48
8714,李承翰,False,0,48
8715,李承翰,False,0,48
8716,陳志強,False,0,48
8717,陳美雲,False,0,48
8718,陳志強,False,0,48
8719,李秀英,False,1,48
8720,李秀芳,False,1,48
8721,陳美雲,False,0,48
8722,陳志強,False,0,48
8723,,True,-1,48
8724,李承翰,False,0,48
8725,李承翰,False,0,48
8726,李承翰,False,0,48
8727,李承翰,False,0,48
8728,陳志強,False,0,48
8729,李承翰,False,0,48
8730,李秀英,False,1,48
8731,李秀英,False,1,48
8732,李承翰,False,0,48
8733,李秀英,False,1,48
8734,李承翰,False,0,48
8735,李承翰,False,0,48
8736,陳俊傑,False,0,48
8737,陳志強,False,0,48
8738,李淑华,False,1,48
8739,李承翰,False,0,48
8740,陳志強,False,0,48
8741,李承翰,False,0,48
8742,李秀芳,False,1,48
8743,陳志強,False,0,48
8744,李承翰,False,0,48
8745,李秀英,False,1,48
8746,李秀英,False,1,48
8747,陳志強,False,0,48
8748,李秀英,False,1,48
8749,李承翰,False,0,48
8750,李秀英,False,1,48
8751,陳志強,False,0,48
8752,李秀英,False,1,48
8753,陳志強,False,0,48
8754,李秀英,False,1,48
8755,李秀英,False,1,48
8756,李承翰,False,0,48
8757,陳俊傑,False,0,48
8758,陳俊傑,False,0,48
8759,陳俊傑,False,0,48
8760,李承翰,False,0,48
8761,李承翰,False,0,48
8762,陳俊傑,False,0,48
8763,李淑华,False,1,48
8764,陳美玉,False,0,48
8765,陳美玉,False,0,48
8766,陳俊傑,False,0,48
8767,陳美玉,False,0,48
8768,李承翰,False,0,48
8769,李秀芳,False,1,48
8770,陳俊傑,False,0,48
8771,李秀芳,False,1,48
8772,李秀英,False,1,48
8773,陳俊傑,False,0,48
8774,陳志強,False,0,48
8775,李秀芳,False,1,48
8776,李秀英,False,1,48
8777,李秀英,False,1,48
8778,李承翰,False,0,48
8779,陳志強,False,0,48
8780,李秀英,False,1,48
8781,李承翰,False,0,48
8782,陳美玉,False,0,48
8783,李秀英,False,1,48
8784,李秀英,False,1,48
8785,李承翰,False,0,48
8786,陳美玉,False,0,48
8787,李承翰,False,0,48
8788,陳志強,False,0,48
8789,李承翰,False,0,48
8790,李秀英,False,1,48
8791,李秀英,False,1,48
8792,李秀英,False,1,48
8793,李秀英,False,1,48
8794,李秀英,False,1,48
8795,李承翰,False,0,48
8796,陳俊傑,False,0,48
8797,陳志強,False,0,48
8798,陳俊傑,False,0,48
8799,陳俊傑,False,0,48
8800,李秀英,False,1,48
8801,李承翰,False,0,48
8802,李秀英,False,1,48
8803,李承翰,False,0,48
8804,李承翰,False,0,48
8805,陳俊傑,False,0,48
8806,李秀英,False,1,48
8807,李秀英,False,1,48
8808,陳志強,False,0,48
8809,李承翰,False,0,48
8810,陳志強,False,0,48
8811,陳志強,False,0,48
8812,陳志強,False,0,48
8813,陳志強,False,0,48
8814,李承翰,False,0,48
8815,李承翰,False,0,48
8816,李承翰,False,0,48
8817,李承翰,False,0,48
8818,李承翰,False,0,48
8819,李秀芳,False,1,48
8820,李建华,False,1,49
8821,李建华,False,1,49
8822,李俊賢,False,0,49
8823,李建华,False,1,49
8824,王丽华,False,1,49
8825,李秀英,False,1,49
8826,王海燕,False,1,49
8827,李建华,False,1,49
8828,李建华,False,1,49
8829,陳建銘,False,0,49
8830,李建华,False,1,49
8831,李建华,False,1,49
8832,李建华,False,1,49
8833,李建华,False,1,49
8834,李俊賢,False,0,49
8835,林雅婷,False,0,49
8836,李秀英,False,1,49
8837,李建华,False,1,49
8838,李建华,False,1,49
8839,蔡承恩,False,0,49
8840,李建华,False,1,49
8841,陳奕安,False,0,49
8842,陳建銘,False,0,49
8843,李建华,False,1,49
8844,李秀英,False,1,49
8845,王秀华,False,1,49
8846,李秀英,False,1,49
8847,李俊賢,False,0,49
8848,李俊賢,False,0,49
8849,李建华,False,1,49
8850,李建华,False,1,49
8851,李秀英,False,1,49
8852,李秀英,False,1,49
8853,李建华,False,1,49
8854,李俊賢,False,0,49
8855,李俊賢,False,0,49
8856,李秀英,False,1,49
8857,李俊賢,False,0,49
8858,李秀英,False,1,49
8859,李建华,False,1,49
8860,李建华,False,1,49
8861,李建华,False,1,49
8862,王秀华,False,1,49
8863,李俊賢,False,0,49
8864,李秀英,False,1,49
8865,李建华,False,1,49
8866,李建华,False,1,49
8867,李俊賢,False,0,49
8868,李秀英,False,1,49
8869,李俊賢,False,0,49
8870,李俊賢,False,0,49
8871,李建华,False,1,49
8872,李俊賢,False,0,49
8873,李建华,False,1,49
8874,张婷婷,False,1,49
8875,李建华,False,1,49
8876,王海燕,False,1,49
8877,李俊賢,False,0,49
8878,李秀英,False,1,49
8879,李建华,False,1,49
8880,李秀英,False,1,49
8881,李建华,False,1,49
8882,李建华,False,1,49
8883,李建华,False,1,49
8884,李建华,False,1,49
8885,李建华,False,1,49
8886,李俊賢,False,0,49
8887,李俊賢,False,0,49
8888,李俊賢,False,0,49
8889,李俊賢,False,0,49
8890,李俊賢,False,0,49
8891,李秀英,False,1,49
8892,李秀英,False,1,49
8893,王海燕,False,1,49
8894,李俊賢,False,0,49
8895,李俊賢,False,0,49
8896,李俊賢,False,0,49
8897,李建华,False,1,49
8898,李建华,False,1,49
8899,李建华,False,1,49
8900,王海燕,False,1,49
8901,李建华,False,1,49
8902,王海燕,False,1,49
8903,李建华,False,1,49
8904,李建华,False,1,49
8905,李俊賢,False,0,49
8906,陳建銘,False,0,49
8907,李俊賢,False,0,49
8908,李秀英,False,1,49
8909,李俊賢,False,0,49
8910,李建华,False,1,49
8911,李建华,False,1,49
8912,王丽华,False,1,49
8913,李建华,False,1,49
8914,李建华,False,1,49
8915,李俊賢,False,0,49
8916,李俊賢,False,0,49
8917,李建华,False,1,49
8918,李建华,False,1,49
8919,李建华,False,1,49
8920,李建华,False,1,49
8921,李建华,False,1,49
8922,李秀英,False,1,49
8923,李建华,False,1,49
8924,李建华,False,1,49
8925,李秀英,False,1,49
8926,李建华,False,1,49
8927,李建华,False,1,49
8928,李建华,False,1,49
8929,李建华,False,1,49
8930,李俊賢,False,0,49
8931,李俊賢,False,0,49
8932,李建华,False,1,49
8933,李建华,False,1,49
8934,李建华,False,1,49
8935,李建华,False,1,49
8936,李俊賢,False,0,49
8937,王丽华,False,1,49
8938,李建华,False,1,49
8939,李建华,False,1,49
8940,李秀英,False,1,49
8941,李建华,False,1,49
8942,李建华,False,1,49
8943,李建华,False,1,49
8944,李秀英,False,1,49
8945,李建华,False,1,49
8946,李俊賢,False,0,49
8947,李建华,False,1,49
8948,李建华,False,1,49
8949,李建华,False,1,49
8950,李建华,False,1,49
8951,李俊賢,False,0,49
8952,李建华,False,1,49
8953,李建华,False,1,49
8954,李俊賢,False,0,49
8955,李秀英,False,1,49
8956,李俊賢,False,0,49
8957,李秀英,False,1,49
8958,李建华,False,1,49
8959,李建华,False,1,49
8960,李俊賢,False,0,49
8961,李建华,False,1,49
8962,林雅婷,False,0,49
8963,李建华,False,1,49
8964,李建华,False,1,49
8965,王秀华,False,1,49
8966,李俊賢,False,0,49
8967,李俊賢,False,0,49
8968,林雅婷,False,0,49
8969,李俊賢,False,0,49
8970,李俊賢,False,0,49
8971,李建华,False,1,49
8972,李建华,False,1,49
8973,李建华,False,1,49
8974,李建华,False,1,49
8975,李建华,False,1,49
8976,李建华,False,1,49
8977,李秀英,False,1,49
8978,王海燕,False,1,49
8979,李俊賢,False,0,49
8980,李俊賢,False,0,49
8981,李建华,False,1,49
8982,李俊賢,False,0,49
8983,李建华,False,1,49
8984,李建华,False,1,49
8985,李建华,False,1,49
8986,李俊賢,False,0,49
8987,李秀英,False,1,49
8988,李建华,False,1,49
8989,王海燕,False,1,49
8990,李俊賢,False,0,49
8991,张婷婷,False,1,49
8992,王海燕,False,1,49
8993,王海燕,False,1,49
8994,李秀英,False,1,49
8995,李秀英,False,1,49
8996,李秀英,False,1,49
8997,李建华,False,1,49
8998,李秀英,False,1,49
8999,李俊賢,False,0,49
9000,陳志忠,False,0,50
9001,陳志宏,False,0,50
9002,陳志宏,False,0,50
9003,陳志宏,False,0,50
9004,王秀珍,False,1,50
9005,王玉珍,False,1,50
9006,陳志忠,False,0,50
9007,許家豪,False,0,50
9008,陳柏諺,False,0,50
9009,陳志宏,False,0,50
9010,陳慧玲,False,0,50
9011,陳志宏,False,0,50
9012,陳志宏,False,0,50
9013,王玉兰,False,1,50
9014,陳志宏,False,0,50
9015,王桂香,False,1,50
9016,陳志宏,False,0,50
9017,陳志宏,False,0,50
9018,陳志宏,False,0,50
9019,陳志宏,False,0,50
9020,陳志宏,False,0,50
9021,陳志宏,False,0,50
9022,陳志宏,False,0,50
9023,陳志宏,False,0,50
9024,陳志宏,False,0,50
9025,陳志宏,False,0,50
9026,王玉珍,False,1,50
9027,王秀珍,False,1,50
9028,王秀珍,False,1,50
9029,陳志宏,False,0,50
9030,王桂香,False,1,50
9031,陳志宏,False,0,50
9032,陳志宏,False,0,50
9033,王淑兰,False,1,50
9034,陳柏諺,False,0,50
9035,陳志宏,False,0,50
9036,許家豪,False,0,50
9037,陳柏諺,False,0,50
9038,陳志忠,False,0,50
9039,王秀珍,False,1,50
9040,陳志宏,False,0,50
9041,王桂香,False,1,50
9042,陳志宏,False,0,50
9043,陳志宏,False,0,50
9044,王秀珍,False,1,50
9045,陳志宏,False,0,50
9046,王秀珍,False,1,50
9047,陳志宏,False,0,50
9048,陳志宏,False,0,50
9049,王桂香,False,1,50
9050,陳志忠,False,0,50
9051,陳志宏,False,0,50
9052,王秀珍,False,1,50
9053,陳志宏,False,0,50
9054,陳志宏,False,0,50
9055,陳志忠,False,0,50
9056,陳志宏,False,0,50
9057,陳慧玲,False,0,50
9058,陳俊雄,False,0,50
9059,王桂香,False,1,50
9060,陳志宏,False,0,50
9061,陳柏諺,False,0,50
9062,陳志宏,False,0,50
9063,王秀珍,False,1,50
9064,吳宗翰,False,0,50
9065,陳志宏,False,0,50
9066,陳志宏,False,0,50
9067,王淑兰,False,1,50
9068,陳志宏,False,0,50
9069,陳志宏,False,0,50
9070,陳志宏,False,0,50
9071,陳志宏,False,0,50
9072,王玉兰,False,1,50
9073,陳柏諺,False,0,50
9074,陳柏諺,False,0,50
9075,吳宗翰,False,0,50
9076,吳宗翰,False,0,50
9077,陳志宏,False,0,50
9078,陳志宏,False,0,50
9079,陳志宏,False,0,50
9080,王桂香,False,1,50
9081,陳志宏,False,0,50
9082,陳志宏,False,0,50
9083,陳柏諺,False,0,50
9084,王秀珍,False,1,50
9085,陳志宏,False,0,50
9086,陳志忠,False,0,50
9087,陳志忠,False,0,50
9088,陳柏諺,False,0,50
9089,陳志宏,False,0,50
9090,陳志宏,False,0,50
9091,陳柏諺,False,0,50
9092,王淑兰,False,1,50
9093,王桂香,False,1,50
9094,陳柏諺,False,0,50
9095,王玉珍,False,1,50
9096,王秀珍,False,1,50
9097,陳志宏,False,0,50
9098,王秀珍,False,1,50
9099,王秀珍,False,1,50
9100,陳志宏,False,0,50
9101,陳志宏,False,0,50
9102,王玉珍,False,1,50
9103,陳志宏,False,0,50
9104,陳志忠,False,0,50
9105,陳志宏,False,0,50
9106,陳柏諺,False,0,50
9107,陳俊雄,False,0,50
9108,吳宗翰,False,0,50
9109,陳志宏,False,0,50
9110,陳志宏,False,0,50
9111,陳志宏,False,0,50
9112,陳志宏,False,0,50
9113,王秀珍,False,1,50
9114,陳志宏,False,0,50
9115,陳志宏,False,0,50
9116,王桂香,False,1,50
9117,陳志忠,False,0,50
9118,王秀珍,False,1,50
9119,陳志宏,False,0,50
9120,陳志宏,False,0,50
9121,陳志宏,False,0,50
9122,陳志宏,False,0,50
9123,陳志宏,False,0,50
9124,王秀珍,False,1,50
9125,許家豪,False,0,50
9126,陳志宏,False,0,50
9127,陳志宏,False,0,50
9128,陳志宏,False,0,50
9129,陳志宏,False,0,50
9130,王淑兰,False,1,50
9131,陳志宏,False,0,50
9132,陳志宏,False,0,50
9133,陳志忠,False,0,50
9134,陳志忠,False,0,50
9135,陳志宏,False,0,50
9136,陳志宏,False,0,50
9137,陳志忠,False,0,50
9138,林秀美,False,0,50
9139,陳志宏,False,0,50
9140,陳志宏,False,0,50
9141,王玉珍,False,1,50
9142,陳志宏,False,0,50
9143,陳志宏,False,0,50
9144,陳志宏,False,0,50
9145,陳志宏,False,0,50
9146,陳柏諺,False,0,50
9147,許家豪,False,0,50
9148,陳志忠,False,0,50
9149,陳志宏,False,0,50
9150,王淑兰,False,1,50
9151,陳柏諺,False,0,50
9152,陳志忠,False,0,50
9153,陳柏諺,False,0,50
9154,陳志宏,False,0,50
9155,王秀珍,False,1,50
9156,陳志宏,False,0,50
9157,陳志宏,False,0,50
9158,王玉兰,False,1,50
9159,陳慧玲,False,0,50
9160,陳志宏,False,0,50
9161,陳慧玲,False,0,50
9162,陳慧玲,False,0,50
9163,陳柏諺,False,0,50
9164,陳志宏,False,0,50
9165,王淑兰,False,1,50
9166,王淑兰,False,1,50
9167,陳志宏,False,0,50
9168,陳志宏,False,0,50
9169,陳志宏,False,0,50
9170,陳志忠,False,0,50
9171,陳志宏,False,0,50
9172,陳志宏,False,0,50
9173,王秀珍,False,1,50
9174,陳志宏,False,0,50
9175,陳志宏,False,0,50
9176,陳志忠,False,0,50
9177,陳志宏,False,0,50
9178,陳志宏,False,0,50
9179,許家豪,False,0,50
9180,林志明,False,0,51
9181,林志明,False,0,51
9182,李桂花,False,1,51
9183,林志明,False,0,51
9184,林志明,False,0,51
9185,张丽华,False,1,51
9186,李秀华,False,1,51
9187,林志明,False,0,51
9188,李秀华,False,1,51
9189,林志明,False,0,51
9190,林志明,False,0,51
9191,林志明,False,0,51
9192,林志明,False,0,51
9193,李秀华,False,1,51
9194,李佳蓉,False,0,51
9195,林志明,False,0,51
9196,李佳蓉,False,0,51
9197,林志明,False,0,51
9198,林志明,False,0,51
9199,林志明,False,0,51
9200,林志明,False,0,51
9201,林志明,False,0,51
9202,李秀华,False,1,51
9203,李秀华,False,1,51
9204,李秀华,False,1,51
9205,林志明,False,0,51
9206,林志明,False,0,51
9207,李秀华,False,1,51
9208,,True,-1,51
9209,林志明,False,0,51
9210,林志明,False,0,51
9211,李秀华,False,1,51
9212,李秀华,False,1,51
9213,林志明,False,0,51
9214,李秀华,False,1,51
9215,林志明,False,0,51
9216,林志明,False,0,51
9217,林志明,False,0,51
9218,林志明,False,0,51
9219,李佳蓉,False,0,51
9220,李佳蓉,False,0,51
9221,李秀华,False,1,51
9222,李秀华,False,1,51
9223,林志明,False,0,51
9224,林志明,False,0,51
9225,李秀华,False,1,51
9226,李秀华,False,1,51
9227,林志明,False,0,51
9228,李秀华,False,1,51
9229,李秀华,False,1,51
9230,林志明,False,0,51
9231,林志明,False,0,51
9232,李佳蓉,False,0,51
9233,林志明,False,0,51
9234,林志明,False,0,51
9235,林志明,False,0,51
9236,林志明,False,0,51
9237,林志明,False,0,51
9238,张丽华,False,1,51
9239,林志明,False,0,51
9240,李桂花,False,1,51
9241,李秀华,False,1,51
9242,林志明,False,0,51
9243,林志明,False,0,51
9244,林志明,False,0,51
9245,林志明,False,0,51
9246,林志明,False,0,51
9247,林秀玲,False,0,51
9248,李秀华,False,1,51
9249,李秀华,False,1,51
9250,李秀华,False,1,51
9251,李桂花,False,1,51
9252,林志明,False,0,51
9253,李秀华,False,1,51
9254,李桂花,False,1,51
9255,李秀华,False,1,51
9256,林志明,False,0,51
9257,林志明,False,0,51
9258,李佳蓉,False,0,51
9259,李秀华,False,1,51
9260,林志明,False,0,51
9261,林志明,False,0,51
9262,李佳蓉,False,0,51
9263,李桂花,False,1,51
9264,陳柏諺,False,0,51
9265,林志明,False,0,51
9266,林志明,False,0,51
9267,林志明,False,0,51
9268,林志明,False,0,51
9269,李秀华,False,1,51
9270,林志明,False,0,51
9271,林志明,False,0,51
9272,李桂花,False,1,51
9273,李秀华,False,1,51
9274,李秀华,False,1,51
9275,李秀华,False,1,51
9276,李秀华,False,1,51
9277,林志明,False,0,51
9278,李秀华,False,1,51
9279,林志明,False,0,51
9280,林志明,False,0,51
9281,林志明,False,0,51
9282,李秀华,False,1,51
9283,李秀华,False,1,51
9284,林志明,False,0,51
9285,林志明,False,0,51
9286,林志明,False,0,51
9287,林志明,False,0,51
9288,林志明,False,0,51
9289,李秀华,False,1,51
9290,林志明,False,0,51
9291,林志明,False,0,51
9292,林志明,False,0,51
9293,陳麗珠,False,0,51
9294,林志明,False,0,51
9295,林志明,False,0,51
9296,李秀华,False,1,51
9297,林志明,False,0,51
9298,李佳蓉,False,0,51
9299,林志明,False,0,51
9300,林志明,False,0,51
9301,林志明,False,0,51
9302,李秀华,False,1,51
9303,林志明,False,0,51
9304,李秀华,False,1,51
9305,林志明,False,0,51
9306,李秀华,False,1,51
9307,李秀华,False,1,51
9308,林志明,False,0,51
9309,李秀华,False,1,51
9310,林志明,False,0,51
9311,李秀华,False,1,51
9312,张丽华,False,1,51
9313,李秀华,False,1,51
9314,陳淑美,False,0,51
9315,李秀华,False,1,51
9316,林志明,False,0,51
9317,李凤英,False,1,51
9318,林志明,False,0,51
9319,林志明,False,0,51
9320,林志明,False,0,51
9321,李秀华,False,1,51
9322,李秀华,False,1,51
9323,林志明,False,0,51
9324,李秀华,False,1,51
9325,林志明,False,0,51
9326,李秀华,False,1,51
9327,李秀华,False,1,51
9328,李秀华,False,1,51
9329,林志明,False,0,51
9330,林志明,False,0,51
9331,林志明,False,0,51
9332,李秀华,False,1,51
9333,李佳蓉,False,0,51
9334,李秀华,False,1,51
9335,李秀华,False,1,51
9336,林淑娟,False,0,51
9337,林志明,False,0,51
9338,李秀华,False,1,51
9339,林志明,False,0,51
9340,李秀华,False,1,51
9341,李佳蓉,False,0,51
9342,林志明,False,0,51
9343,李秀华,False,1,51
9344,李秀华,False,1,51
9345,李秀华,False,1,51
9346,陳麗如,False,0,51
9347,张丽华,False,1,51
9348,林志明,False,0,51
9349,林志明,False,0,51
9350,李秀华,False,1,51
9351,李秀华,False,1,51
9352,李秀华,False,1,51
9353,林志明,False,0,51
9354,林志明,False,0,51
9355,李秀华,False,1,51
9356,林秀玲,False,0,51
9357,李佳蓉,False,0,51
9358,林志明,False,0,51
9359,李桂花,False,1,51
9360,张建国,False,1,52
9361,张淑珍,False,1,52
9362,李桂芳,False,1,52
9363,李宗翰,False,0,52
9364,李宗翰,False,0,52
9365,李宗翰,False,0,52
9366,李宗翰,False,0,52
9367,林建宏,False,0,52
9368,张建国,False,1,52
9369,张建国,False,1,52
9370,林建宏,False,0,52
9371,李宗翰,False,0,52
9372,李宗翰,False,0,52
9373,李宗翰,False,0,52
9374,陳俊良,False,0,52
9375,张建国,False,1,52
9376,李宗翰,False,0,52
9377,林建宏,False,0,52
9378,林建宏,False,0,52
9379,林建宏,False,0,52
9380,李宗翰,False,0,52
9381,张建国,False,1,52
9382,李宗翰,False,0,52
9383,张建国,False,1,52
9384,张建国,False,1,52
9385,李宗翰,False,0,52
9386,林建宏,False,0,52
9387,陳建宏,False,0,52
9388,李宗翰,False,0,52
9389,张建国,False,1,52
9390,李宗翰,False,0,52
9391,李宗翰,False,0,52
9392,陳建宏,False,0,52
9393,张建国,False,1,52
9394,李宗翰,False,0,52
9395,李宗翰,False,0,52
9396,李宗翰,False,0,52
9397,张建国,False,1,52
9398,李宗翰,False,0,52
9399,李宗翰,False,0,52
9400,李宗翰,False,0,52
9401,李宗翰,False,0,52
9402,李宗翰,False,0,52
9403,李宗翰,False,0,52
9404,张建国,False,1,52
9405,林建宏,False,0,52
9406,李宗翰,False,0,52
9407,林建宏,False,0,52
9408,李宗翰,False,0,52
9409,李宗翰,False,0,52
9410,李宗翰,False,0,52
9411,陳俊良,False,0,52
9412,张建国,False,1,52
9413,林建宏,False,0,52
9414,李宗翰,False,0,52
9415,李宗翰,False,0,52
9416,李宗翰,False,0,52
9417,林建宏,False,0,52
9418,陳建宏,False,0,52
9419,张玉华,False,1,52
9420,林建宏,False,0,52
9421,张建国,False,1,52
9422,李宗翰,False,0,52
9423,李宗翰,False,0,52
9424,林建宏,False,0,52
9425,李宗翰,False,0,52
9426,李宗翰,False,0,52
9427,李宗翰,False,0,52
9428,张建国,False,1,52
9429,林欣怡,False,0,52
9430,林建宏,False,0,52
9431,李丹丹,False,1,52
9432,李宗翰,False,0,52
9433,林建宏,False,0,52
9434,李桂芳,False,1,52
9435,李宗翰,False,0,52
9436,林建宏,False,0,52
9437,林建宏,False,0,52
9438,李丹丹,False,1,52
9439,李宗翰,False,0,52
9440,李宗翰,False,0,52
9441,李宗翰,False,0,52
9442,李桂芳,False,1,52
9443,李宗翰,False,0,52
9444,陳建宏,False,0,52
9445,李桂芳,False,1,52
9446,林建宏,False,0,52
9447,李宗翰,False,0,52
9448,李宗翰,False,0,52
9449,李宗翰,False,0,52
9450,李宗翰,False,0,52
9451,李宗翰,False,0,52
9452,张建国,False,1,52
9453,李宗翰,False,0,52
9454,林建宏,False,0,52
9455,林建宏,False,0,52
9456,李宗翰,False,0,52
9457,李宗翰,False,0,52
9458,李宗翰,False,0,52
9459,李宗翰,False,0,52
9460,李宗翰,False,0,52
9461,李宗翰,False,0,52
9462,杨桂英,False,1,52
9463,杨桂英,False,1,52
9464,张建国,False,1,52
9465,林建宏,False,0,52
9466,李宗翰,False,0,52
9467,李宗翰,False,0,52
9468,李丹丹,False,1,52
9469,李宗翰,False,0,52
9470,林建宏,False,0,52
9471,林建宏,False,0,52
9472,林建宏,False,0,52
9473,李宗翰,False,0,52
9474,陳建宏,False,0,52
9475,李宗翰,False,0,52
9476,李宗翰,False,0,52
9477,林建宏,False,0,52
9478,李宗翰,False,0,52
9479,李宗翰,False,0,52
9480,李宗翰,False,0,52
9481,李宗翰,False,0,52
9482,李宗翰,False,0,52
9483,张建国,False,1,52
9484,张建国,False,1,52
9485,李宗翰,False,0,52
9486,李宗翰,False,0,52
9487,李宗翰,False,0,52
9488,张建国,False,1,52
9489,李宗翰,False,0,52
9490,林建宏,False,0,52
9491,林建宏,False,0,52
9492,李丹丹,False,1,52
9493,李宗翰,False,0,52
9494,李宗翰,False,0,52
9495,李宗翰,False,0,52
9496,李宗翰,False,0,52
9497,李丹丹,False,1,52
9498,李宗翰,False,0,52
9499,张建国,False,1,52
9500,李宗翰,False,0,52
9501,张建国,False,1,52
9502,李宗翰,False,0,52
9503,李宗翰,False,0,52
9504,李宗翰,False,0,52
9505,李宗翰,False,0,52
9506,李宗翰,False,0,52
9507,张建国,False,1,52
9508,张建国,False,1,52
9509,林建宏,False,0,52
9510,李宗翰,False,0,52
9511,李宗翰,False,0,52
9512,张玉华,False,1,52
9513,李宗翰,False,0,52
9514,李宗翰,False,0,52
9515,张建国,False,1,52
9516,林建宏,False,0,52
9517,李桂芳,False,1,52
9518,李宗翰,False,0,52
9519,李宗翰,False,0,52
9520,张建国,False,1,52
9521,李宗翰,False,0,52
9522,林秀玲,False,0,52
9523,林建宏,False,0,52
9524,李宗翰,False,0,52
9525,李宗翰,False,0,52
9526,李丹丹,False,1,52
9527,李桂芳,False,1,52
9528,林建宏,False,0,52
9529,林秀玲,False,0,52
9530,李宗翰,False,0,52
9531,李宗翰,False,0,52
9532,李宗翰,False,0,52
9533,李宗翰,False,0,52
9534,李宗翰,False,0,52
9535,李宗翰,False,0,52
9536,陳俊良,False,0,52
9537,李宗翰,False,0,52
9538,李宗翰,False,0,52
9539,林建宏,False,0,52
9540,张建华,False,1,53
9541,张建军,False,1,53
9542,李建军,False,1,53
9543,张建华,False,1,53
9544,张建华,False,1,53
9545,张建军,False,1,53
9546,张建军,False,1,53
9547,张建华,False,1,53
9548,张建华,False,1,53
9549,张建华,False,1,53
9550,张建华,False,1,53
9551,张建华,False,1,53
9552,陳志偉,False,0,53
9553,张建华,False,1,53
9554,张家銘,True,-1,53
9555,李建军,False,1,53
9556,张建军,False,1,53
9557,张建军,False,1,53
9558,张建军,False,1,53
9559,李建军,False,1,53
9560,张建华,False,1,53
9561,李建军,False,1,53
9562,张建华,False,1,53
9563,陳志偉,False,0,53
9564,张建华,False,1,53
9565,张建军,False,1,53
9566,张建华,False,1,53
9567,陳志偉,False,0,53
9568,张建军,False,1,53
9569,张建华,False,1,53
9570,陳志偉,False,0,53
9571,李建军,False,1,53
9572,张家銘,True,-1,53
9573,李承翰,False,0,53
9574,张建华,False,1,53
9575,张建华,False,1,53
9576,张婷婷,False,1,53
9577,张建华,False,1,53
9578,张建华,False,1,53
9579,张建华,False,1,53
9580,张建华,False,1,53
9581,张建华,False,1,53
9582,张婷婷,False,1,53
9583,张建华,False,1,53
9584,李建军,False,1,53
9585,张建军,False,1,53
9586,陳志偉,False,0,53
9587,张建华,False,1,53
9588,张建华,False,1,53
9589,李承翰,False,0,53
9590,李建军,False,1,53
9591,张建华,False,1,53
9592,張家銘,False,0,53
9593,张建华,False,1,53
9594,张建华,False,1,53
9595,张建华,False,1,53
9596,李秀英,False,1,53
9597,陳志偉,False,0,53
9598,李秀英,False,1,53
9599,陳志偉,False,0,53
9600,张建军,False,1,53
9601,陳志偉,False,0,53
9602,張家瑋,False,0,53
9603,张建华,False,1,53
9604,张建华,False,1,53
9605,张建华,False,1,53
9606,李建军,False,1,53
9607,李建军,False,1,53
9608,张婷婷,False,1,53
9609,张建华,False,1,53
9610,李建军,False,1,53
9611,李建军,False,1,53
9612,陳志偉,False,0,53
9613,李秀英,False,1,53
9614,李秀英,False,1,53
9615,张婷婷,False,1,53
9616,张建华,False,1,53
9617,李秀英,False,1,53
9618,张建军,False,1,53
9619,张建华,False,1,53
9620,陳志偉,False,0,53
9621,陳志偉,False,0,53
9622,张建军,False,1,53
9623,张建华,False,1,53
9624,陳志偉,False,0,53
9625,李秀英,False,1,53
9626,张建华,False,1,53
9627,张建华,False,1,53
9628,陳志偉,False,0,53
9629,陳志偉,False,0,53
9630,陳志偉,False,0,53
9631,张建华,False,1,53
9632,陳志偉,False,0,53
9633,张建华,False,1,53
9634,张建华,False,1,53
9635,张建华,False,1,53
9636,李建军,False,1,53
9637,张建华,False,1,53
9638,张建军,False,1,53
9639,陳志偉,False,0,53
9640,陳志偉,False,0,53
9641,张建军,False,1,53
9642,张建华,False,1,53
9643,张建华,False,1,53
9644,陳志偉,False,0,53
9645,陳志偉,False,0,53
9646,张建华,False,1,53
9647,张婷婷,False,1,53
9648,陳志偉,False,0,53
9649,李建军,False,1,53
9650,张建华,False,1,53
9651,张建华,False,1,53
9652,张建华,False,1,53
9653,陳志偉,False,0,53
9654,李秀英,False,1,53
9655,陳志偉,False,0,53
9656,张建华,False,1,53
9657,张建华,False,1,53
9658,张建华,False,1,53
9659,张建华,False,1,53
9660,张建军,False,1,53
9661,张建华,False,1,53
9662,李建军,False,1,53
9663,张建华,False,1,53
9664,张建华,False,1,53
9665,张建华,False,1,53
9666,张婷婷,False,1,53
9667,张建军,False,1,53
9668,张建华,False,1,53
9669,張家瑋,False,0,53
9670,张建华,False,1,53
9671,陳志偉,False,0,53
9672,李秀英,False,1,53
9673,李秀英,False,1,53
9674,陳志偉,False,0,53
9675,张建华,False,1,53
9676,陳俊良,False,0,53
9677,李建军,False,1,53
9678,张建华,False,1,53
9679,张建华,False,1,53
9680,陳志偉,False,0,53
9681,陳志偉,False,0,53
9682,张建华,False,1,53
9683,李秀英,False,1,53
9684,李秀英,False,1,53
9685,张婷婷,False,1,53
9686,陳志偉,False,0,53
9687,张建华,False,1,53
9688,张建华,False,1,53
9689,陳志偉,False,0,53
9690,李建军,False,1,53
9691,李建军,False,1,53
9692,李建军,False,1,53
9693,张建军,False,1,53
9694,李建军,False,1,53
9695,张建军,False,1,53
9696,李建军,False,1,53
9697,李建军,False,1,53
9698,张建军,False,1,53
9699,张建华,False,1,53
9700,张建华,False,1,53
9701,张建军,False,1,53
9702,张婷婷,False,1,53
9703,張家銘,False,0,53
9704,李秀英,False,1,53
9705,李建军,False,1,53
9706,李秀英,False,1,53
9707,李建军,False,1,53
9708,张婷婷,False,1,53
9709,张建华,False,1,53
9710,李承翰,False,0,53
9711,张建军,False,1,53
9712,张建华,False,1,53
9713,张建华,False,1,53
9714,张建军,False,1,53
9715,张建军,False,1,53
9716,张建军,False,1,53
9717,张建华,False,1,53
9718,李建军,False,1,53
9719,李建军,False,1,53
9720,林子傑,False,0,54
9721,林冠廷,False,0,54
9722,林冠廷,False,0,54
9723,林冠廷,False,0,54
9724,林冠廷,False,0,54
9725,林冠廷,False,0,54
9726,林冠宇,False,0,54
9727,林冠廷,False,0,54
9728,林冠廷,False,0,54
9729,林冠廷,False,0,54
9730,林冠宇,False,0,54
9731,林冠廷,False,0,54
9732,林子傑,False,0,54
9733,林志鴻,False,0,54
9734,林志鴻,False,0,54
9735,林冠宇,False,0,54
9736,林冠廷,False,0,54
9737,林子傑,False,0,54
9738,林冠廷,False,0,54
9739,林冠廷,False,0,54
9740,林冠宇,False,0,54
9741,林冠宇,False,0,54
9742,林冠廷,False,0,54
9743,林志鴻,False,0,54
9744,李桂荣,False,1,54
9745,林正雄,False,0,54
9746,林冠廷,False,0,54
9747,林冠廷,False,0,54
9748,林正雄,False,0,54
9749,林冠宇,False,0,54
9750,林子傑,False,0,54
9751,林冠宇,False,0,54
9752,林冠廷,False,0,54
9753,林冠廷,False,0,54
9754,林冠廷,False,0,54
9755,林冠宇,False,0,54
9756,林正雄,False,0,54
9757,林冠廷,False,0,54
9758,林子傑,False,0,54
9759,林冠宇,False,0,54
9760,林子傑,False,0,54
9761,林冠廷,False,0,54
9762,林冠宇,False,0,54
9763,林冠宇,False,0,54
9764,林冠宇,False,0,54
9765,林冠宇,False,0,54
9766,林冠廷,False,0,54
9767,林冠廷,False,0,54
9768,林冠廷,False,0,54
9769,林冠廷,False,0,54
9770,林冠廷,False,0,54
9771,林冠廷,False,0,54
9772,林冠廷,False,0,54
9773,林冠廷,False,0,54
9774,林子傑,False,0,54
9775,林冠廷,False,0,54
9776,林冠宇,False,0,54
9777,林冠廷,False,0,54
9778,林冠廷,False,0,54
9779,林冠廷,False,0,54
9780,林冠宇,False,0,54
9781,林冠宇,False,0,54
9782,林冠廷,False,0,54
9783,林冠廷,False,0,54
9784,林冠宇,False,0,54
9785,林子傑,False,0,54
9786,林冠宇,False,0,54
9787,林冠廷,False,0,54
9788,林冠宇,False,0,54
9789,林冠廷,False,0,54
9790,林冠廷,False,0,54
9791,林冠廷,False,0,54
9792,林冠廷,False,0,54
9793,林冠宇,False,0,54
9794,林冠宇,False,0,54
9795,林冠宇,False,0,54
9796,林冠廷,False,0,54
9797,林冠廷,False,0,54
9798,林冠廷,False,0,54
9799,林子傑,False,0,54
9800,林冠廷,False,0,54
9801,林冠廷,False,0,54
9802,林子傑,False,0,54
9803,林志鴻,False,0,54
9804,林子傑,False,0,54
9805,林冠宇,False,0,54
9806,林子傑,False,0,54
9807,林志鴻,False,0,54
9808,林冠宇,False,0,54
9809,林冠宇,False,0,54
9810,林冠宇,False,0,54
9811,林冠廷,False,0,54
9812,林冠廷,False,0,54
9813,林子傑,False,0,54
9814,林冠廷,False,0,54
9815,林冠廷,False,0,54
9816,林冠宇,False,0,54
9817,林冠廷,False,0,54
9818,林冠宇,False,0,54
9819,林冠宇,False,0,54
9820,林子傑,False,0,54
9821,林冠廷,False,0,54
9822,林冠廷,False,0,54
9823,林冠廷,False,0,54
9824,林冠宇,False,0,54
9825,林子傑,False,0,54
9826,林冠宇,False,0,54
9827,林冠宇,False,0,54
9828,林冠廷,False,0,54
9829,林冠宇,False,0,54
9830,林冠宇,False,0,54
9831,林冠廷,False,0,54
9832,林冠廷,False,0,54
9833,林志鴻,False,0,54
9834,林冠廷,False,0,54
9835,林冠宇,False,0,54
9836,林冠宇,False,0,54
9837,林冠宇,False,0,54
9838,林冠廷,False,0,54
9839,林冠宇,False,0,54
9840,林冠廷,False,0,54
9841,林志鴻,False,0,54
9842,林冠廷,False,0,54
9843,林冠宇,False,0,54
9844,林冠廷,False,0,54
9845,林冠宇,False,0,54
9846,林正雄,False,0,54
9847,林冠廷,False,0,54
9848,林冠宇,False,0,54
9849,林志鴻,False,0,54
9850,林冠宇,False,0,54
9851,林冠廷,False,0,54
9852,林冠廷,False,0,54
9853,林冠廷,False,0,54
9854,林冠宇,False,0,54
9855,林冠廷,False,0,54
9856,林冠廷,False,0,54
9857,林冠宇,False,0,54
9858,林冠廷,False,0,54
9859,林子傑,False,0,54
9860,林冠廷,False,0,54
9861,林冠宇,False,0,54
9862,林冠廷,False,0,54
9863,林冠廷,False,0,54
9864,林冠宇,False,0,54
9865,林冠廷,False,0,54
9866,林子傑,False,0,54
9867,林冠廷,False,0,54
9868,林冠廷,False,0,54
9869,林冠宇,False,0,54
9870,林冠宇,False,0,54
9871,林子傑,False,0,54
9872,林子傑,False,0,54
9873,林冠宇,False,0,54
9874,林冠宇,False,0,54
9875,林冠廷,False,0,54
9876,林冠宇,False,0,54
9877,林冠廷,False,0,54
9878,林冠廷,False,0,54
9879,林冠廷,False,0,54
9880,林冠廷,False,0,54
9881,林冠廷,False,0,54
9882,林冠宇,False,0,54
9883,林冠宇,False,0,54
9884,林冠廷,False,0,54
9885,林冠廷,False,0,54
9886,林冠廷,False,0,54
9887,林子傑,False,0,54
9888,林子傑,False,0,54
9889,林子傑,False,0,54
9890,林冠宇,False,0,54
9891,林正雄,False,0,54
9892,林冠廷,False,0,54
9893,林正雄,False,0,54
9894,林冠宇,False,0,54
9895,林冠宇,False,0,54
9896,林冠宇,False,0,54
9897,林冠廷,False,0,54
9898,林淑惠,False,0,54
9899,林冠廷,False,0,54
9900,陳俊宇,False,0,55
9901,陳建安,False,0,55
9902,陳彥霖,False,0,55
9903,陳俊豪,False,0,55
9904,陳建安,False,0,55
9905,陳建安,False,0,55
9906,陳彥霖,False,0,55
9907,陳建安,False,0,55
9908,陳俊豪,False,0,55
9909,陳俊豪,False,0,55
9910,陳志忠,False,0,55
9911,王丽娟,False,1,55
9912,陳秀美,False,0,55
9913,陳秀美,False,0,55
9914,陳彥霖,False,0,55
9915,陳建安,False,0,55
9916,陳俊豪,False,0,55
9917,陳志忠,False,0,55
9918,陳建安,False,0,55
9919,王建军,False,1,55
9920,陳建安,False,0,55
9921,陳建安,False,0,55
9922,陳建安,False,0,55
9923,陳俊豪,False,0,55
9924,陳秀美,False,0,55
9925,陳建安,False,0,55
9926,陳建安,False,0,55
9927,陳建安,False,0,55
9928,陳建安,False,0,55
9929,陳建安,False,0,55
9930,陳建安,False,0,55
9931,陳建安,False,0,55
9932,陳志忠,False,0,55
9933,陳俊豪,False,0,55
9934,陳俊豪,False,0,55
9935,陳俊宇,False,0,55
9936,陳建安,False,0,55
9937,陳建安,False,0,55
9938,陳建安,False,0,55
9939,陳建安,False,0,55
9940,陳志忠,False,0,55
9941,陳建安,False,0,55
9942,陳俊豪,False,0,55
9943,陳俊豪,False,0,55
9944,陳俊豪,False,0,55
9945,陳建安,False,0,55
9946,陳建安,False,0,55
9947,陳建安,False,0,55
9948,陳建安,False,0,55
9949,陳秀美,False,0,55
9950,陳俊豪,False,0,55
9951,陳彥霖,False,0,55
9952,陳秀美,False,0,55
9953,陳俊宇,False,0,55
9954,陳建安,False,0,55
9955,陳俊宇,False,0,55
9956,陳俊宇,False,0,55
9957,陳建安,False,0,55
9958,陳彥霖,False,0,55
9959,陳建安,False,0,55
9960,陳建安,False,0,55
9961,陳建安,False,0,55
9962,陳建安,False,0,55
9963,陳秀美,False,0,55
9964,陳建安,False,0,55
9965,陳俊宇,False,0,55
9966,陳彥霖,False,0,55
9967,陳俊豪,False,0,55
9968,陳俊宇,False,0,55
9969,陳建安,False,0,55
9970,陳建安,False,0,55
9971,陳建安,False,0,55
9972,陳俊宇,False,0,55
9973,陳彥霖,False,0,55
9974,陳俊豪,False,0,55
9975,陳俊豪,False,0,55
9976,陳建安,False,0,55
9977,陳建安,False,0,55
9978,陳彥霖,False,0,55
9979,陳彥霖,False,0,55
9980,陳俊豪,False,0,55
9981,陳秀美,False,0,55
9982,陳建安,False,0,55
9983,蔡承翰,False,0,55
9984,陳俊豪,False,0,55
9985,陳俊豪,False,0,55
9986,陳俊豪,False,0,55
9987,陳秀美,False,0,55
9988,陳志忠,False,0,55
9989,陳俊豪,False,0,55
9990,陳建安,False,0,55
9991,陳建安,False,0,55
9992,王建军,False,1,55
9993,陳建安,False,0,55
9994,陳俊豪,False,0,55
9995,陳彥霖,False,0,55
9996,陳俊豪,False,0,55
9997,陳俊宇,False,0,55
9998,陳建安,False,0,55
9999,陳建安,False,0,55
10000,陳建安,False,0,55
10001,陳志忠,False,0,55
10002,陳建安,False,0,55
10003,陳志忠,False,0,55
10004,陳建安,False,0,55
10005,王建军,False,1,55
10006,陳建安,False,0,55
10007,陳俊豪,False,0,55
10008,陳志忠,False,0,55
10009,陳建安,False,0,55
10010,陳俊豪,False,0,55
10011,陳建安,False,0,55
10012,陳建安,False,0,55
10013,陳俊宇,False,0,55
10014,陳建安,False,0,55
10015,陳建安,False,0,55
10016,王怡婷,False,0,55
10017,陳彥霖,False,0,55
10018,陳俊宇,False,0,55
10019,陳俊宇,False,0,55
10020,陳建安,False,0,55
10021,陳俊宇,False,0,55
10022,陳俊宇,False,0,55
10023,陳俊宇,False,0,55
10024,陳俊豪,False,0,55
10025,陳建安,False,0,55
10026,陳建安,False,0,55
10027,陳建安,False,0,55
10028,陳建安,False,0,55
10029,陳建安,False,0,55
10030,陳建安,False,0,55
10031,陳彥霖,False,0,55
10032,陳秀美,False,0,55
10033,陳建安,False,0,55
10034,陳建安,False,0,55
10035,陳建安,False,0,55
10036,陳俊豪,False,0,55
10037,陳俊宇,False,0,55
10038,陳志忠,False,0,55
10039,陳俊豪,False,0,55
10040,陳俊豪,False,0,55
10041,陳建安,False,0,55
10042,陳秀美,False,0,55
10043,王建军,False,1,55
10044,陳建安,False,0,55
10045,陳俊豪,False,0,55
10046,陳秀美,False,0,55
10047,陳彥霖,False,0,55
10048,陳建安,False,0,55
10049,陳建安,False,0,55
10050,陳俊豪,False,0,55
10051,陳秀美,False,0,55
10052,陳彥霖,False,0,55
10053,陳俊豪,False,0,55
10054,陳建安,False,0,55
10055,王建军,False,1,55
10056,陳建安,False,0,55
10057,陳彥霖,False,0,55
10058,陳建安,False,0,55
10059,陳俊宇,False,0,55
10060,陳建安,False,0,55
10061,陳秀美,False,0,55
10062,陳俊豪,False,0,55
10063,陳建安,False,0,55
10064,陳建安,False,0,55
10065,陳俊豪,False,0,55
10066,陳建安,False,0,55
10067,陳俊豪,False,0,55
10068,陳俊豪,False,0,55
10069,陳建安,False,0,55
10070,陳俊宇,False,0,55
10071,陳建安,False,0,55
10072,陳彥霖,False,0,55
10073,王建军,False,1,55
10074,陳俊宇,False,0,55
10075,陳建安,False,0,55
10076,陳建安,False,0,55
10077,陳俊豪,False,0,55
10078,陳俊豪,False,0,55
10079,陳秀美,False,0,55
10080,李建国,False,1,56
10081,王俊傑,False,0,56
10082,陳冠宏,False,0,56
10083,陳建銘,False,0,56
10084,楊承翰,False,0,56
10085,李建国,False,1,56
10086,李建国,False,1,56
10087,王俊傑,False,0,56
10088,王俊傑,False,0,56
10089,王秀芳,False,1,56
10090,王俊傑,False,0,56
10091,楊承翰,False,0,56
10092,王秀芳,False,1,56
10093,楊承翰,False,0,56
10094,王俊傑,False,0,56
10095,楊承翰,False,0,56
10096,楊承翰,False,0,56
10097,李建国,False,1,56
10098,王俊傑,False,0,56
10099,陳建銘,False,0,56
10100,李建国,False,1,56
10101,王俊傑,False,0,56
10102,王俊傑,False,0,56
10103,李建国,False,1,56
10104,李建国,False,1,56
10105,李建国,False,1,56
10106,王秀芳,False,1,56
10107,李建国,False,1,56
10108,楊承翰,False,0,56
10109,李建国,False,1,56
10110,王秀芳,False,1,56
10111,陳怡君,False,0,56
10112,王俊傑,False,0,56
10113,陳建銘,False,0,56
10114,李建国,False,1,56
10115,李建国,False,1,56
10116,张哲維,True,-1,56
10117,王秀芳,False,1,56
10118,王秀芳,False,1,56
10119,李建国,False,1,56
10120,王俊傑,False,0,56
10121,李建国,False,1,56
10122,李建国,False,1,56
10123,李建国,False,1,56
10124,楊承翰,False,0,56
10125,王俊傑,False,0,56
10126,李建国,False,1,56
10127,陳建銘,False,0,56
10128,王怡婷,False,0,56
10129,王俊傑,False,0,56
10130,李建国,False,1,56
10131,王俊傑,False,0,56
10132,王俊傑,False,0,56
10133,李建国,False,1,56
10134,李建国,False,1,56
10135,李建国,False,1,56
10136,王怡婷,False,0,56
10137,王俊傑,False,0,56
10138,李建国,False,1,56
10139,李红霞,False,1,56
10140,李建国,False,1,56
10141,李建国,False,1,56
10142,王俊傑,False,0,56
10143,王秀芳,False,1,56
10144,李建国,False,1,56
10145,王俊傑,False,0,56
10146,王俊傑,False,0,56
10147,张玉珍,False,1,56
10148,王俊傑,False,0,56
10149,张玉梅,False,1,56
10150,李建国,False,1,56
10151,楊承翰,False,0,56
10152,王怡婷,False,0,56
10153,王俊傑,False,0,56
10154,王秀芳,False,1,56
10155,王俊傑,False,0,56
10156,王秀芳,False,1,56
10157,李建国,False,1,56
10158,李红霞,False,1,56
10159,李红霞,False,1,56
10160,楊承翰,False,0,56
10161,李建国,False,1,56
10162,王俊傑,False,0,56
10163,王秀芳,False,1,56
10164,李婷婷,False,1,56
10165,李建国,False,1,56
10166,李建国,False,1,56
10167,李建国,False,1,56
10168,李建国,False,1,56
10169,张哲維,True,-1,56
10170,楊承翰,False,0,56
10171,陳建銘,False,0,56
10172,王俊傑,False,0,56
10173,陳秀英,False,0,56
10174,李建国,False,1,56
10175,王俊傑,False,0,56
10176,李建国,False,1,56
10177,陳建銘,False,0,56
10178,李建国,False,1,56
10179,李建国,False,1,56
10180,李建国,False,1,56
10181,李建国,False,1,56
10182,王俊傑,False,0,56
10183,王秀芳,False,1,56
10184,王俊傑,False,0,56
10185,李建国,False,1,56
10186,陳秀英,False,0,56
10187,张哲維,True,-1,56
10188,李建国,False,1,56
10189,陳冠宏,False,0,56
10190,王怡婷,False,0,56
10191,楊承翰,False,0,56
10192,王秀芳,False,1,56
10193,陳建銘,False,0,56
10194,陳建銘,False,0,56
10195,王俊傑,False,0,56
10196,王秀芳,False,1,56
10197,王俊傑,False,0,56
10198,楊承翰,False,0,56
10199,陳建銘,False,0,56
10200,陳冠宏,False,0,56
10201,李红霞,False,1,56
10202,李建国,False,1,56
10203,陳秀英,False,0,56
10204,王俊傑,False,0,56
10205,楊承翰,False,0,56
10206,王俊傑,False,0,56
10207,楊承翰,False,0,56
10208,李建国,False,1,56
10209,王俊傑,False,0,56
10210,李建国,False,1,56
10211,王俊傑,False,0,56
10212,楊承翰,False,0,56
10213,王俊傑,False,0,56
10214,王俊傑,False,0,56
10215,王俊傑,False,0,56
10216,王俊傑,False,0,56
10217,李建国,False,1,56
10218,王俊傑,False,0,56
10219,王俊傑,False,0,56
10220,王俊傑,False,0,56
10221,楊承翰,False,0,56
10222,张玉珍,False,1,56
10223,楊承翰,False,0,56
10224,王俊傑,False,0,56
10225,李建国,False,1,56
10226,楊承翰,False,0,56
10227,李建国,False,1,56
10228,李建国,False,1,56
10229,李建国,False,1,56
10230,王俊傑,False,0,56
10231,张玉珍,False,1,56
10232,王俊傑,False,0,56
10233,李建国,False,1,56
10234,王俊傑,False,0,56
10235,王俊傑,False,0,56
10236,楊承翰,False,0,56
10237,王俊傑,False,0,56
10238,王秀芳,False,1,56
10239,王俊傑,False,0,56
10240,王俊傑,False,0,56
10241,张哲維,True,-1,56
10242,李红霞,False,1,56
10243,李建国,False,1,56
10244,张玉梅,False,1,56
10245,李建国,False,1,56
10246,楊承翰,False,0,56
10247,楊承翰,False,0,56
10248,楊承翰,False,0,56
10249,王俊傑,False,0,56
10250,王俊傑,False,0,56
10251,李建国,False,1,56
10252,李建国,False,1,56
10253,张哲維,True,-1,56
10254,王俊傑,False,0,56
10255,陳建銘,False,0,56
10256,李建国,False,1,56
10257,李建国,False,1,56
10258,李建国,False,1,56
10259,陳秀英,False,0,56
10260,陳志強,False,0,57
10261,陳志強,False,0,57
10262,陳志強,False,0,57
10263,陳志強,False,0,57
10264,陳志強,False,0,57
10265,陳志強,False,0,57
10266,陳志強,False,0,57
10267,林美玲,False,0,57
10268,陳淑惠,False,0,57
10269,陳志強,False,0,57
10270,陳志強,False,0,57
10271,陳志強,False,0,57
10272,陳志強,False,0,57
10273,陳奕安,False,0,57
10274,陳淑惠,False,0,57
10275,陳志強,False,0,57
10276,陳志強,False,0,57
10277,王秀华,False,1,57
10278,陳志強,False,0,57
10279,陳奕安,False,0,57
10280,陳志強,False,0,57
10281,陳美玉,False,0,57
10282,陳志強,False,0,57
10283,陳志強,False,0,57
10284,陳淑惠,False,0,57
10285,陳秀蘭,False,0,57
10286,陳志強,False,0,57
10287,陳淑惠,False,0,57
10288,陳奕安,False,0,57
10289,陳怡君,False,0,57
10290,陳志強,False,0,57
10291,陳志強,False,0,57
10292,陳淑惠,False,0,57
10293,陳志強,False,0,57
10294,陳志強,False,0,57
10295,陳志強,False,0,57
10296,陳志強,False,0,57
10297,陳志強,False,0,57
10298,陳怡君,False,0,57
10299,陳志強,False,0,57
10300,陳淑惠,False,0,57
10301,陳志強,False,0,57
10302,陳志強,False,0,57
10303,陳志強,False,0,57
10304,陳志強,False,0,57
10305,陳志強,False,0,57
10306,林淑惠,False,0,57
10307,陳志強,False,0,57
10308,陳淑惠,False,0,57
10309,陳志強,False,0,57
10310,陳奕安,False,0,57
10311,陳淑惠,False,0,57
10312,林美玲,False,0,57
10313,陳志強,False,0,57
10314,陳美玉,False,0,57
10315,陳志強,False,0,57
10316,陳志強,False,0,57
10317,陳志強,False,0,57
10318,陳志強,False,0,57
10319,陳志強,False,0,57
10320,陳志強,False,0,57
10321,陳志強,False,0,57
10322,陳淑惠,False,0,57
10323,陳奕安,False,0,57
10324,陳志強,False,0,57
10325,陳志強,False,0,57
10326,王秀华,False,1,57
10327,王秀华,False,1,57
10328,陳志強,False,0,57
10329,陳志強,False,0,57
10330,陳志強,False,0,57
10331,陳志強,False,0,57
10332,陳志強,False,0,57
10333,陳志強,False,0,57
10334,陳怡君,False,0,57
10335,陳志強,False,0,57
10336,陳志強,False,0,57
10337,陳志強,False,0,57
10338,陳志強,False,0,57
10339,陳志強,False,0,57
10340,陳志強,False,0,57
10341,陳奕安,False,0,57
10342,陳志強,False,0,57
10343,陳志強,False,0,57
10344,陳志強,False,0,57
10345,陳志強,False,0,57
10346,陳志強,False,0,57
10347,陳志強,False,0,57
10348,陳志強,False,0,57
10349,陳志強,False,0,57
10350,陳奕安,False,0,57
10351,陳志強,False,0,57
10352,陳秀蘭,False,0,57
10353,陳志強,False,0,57
10354,陳志強,False,0,57
10355,陳志強,False,0,57
10356,陳秀蘭,False,0,57
10357,陳志強,False,0,57
10358,陳志強,False,0,57
10359,陳志強,False,0,57
10360,王秀华,False,1,57
10361,陳志強,False,0,57
10362,陳志強,False,0,57
10363,陳志強,False,0,57
10364,陳志強,False,0,57
10365,陳志強,False,0,57
10366,陳志強,False,0,57
10367,陳志強,False,0,57
10368,陳奕安,False,0,57
10369,陳志強,False,0,57
10370,陳志強,False,0,57
10371,陳志強,False,0,57
10372,陳志強,False,0,57
10373,王秀华,False,1,57
10374,陳志強,False,0,57
10375,陳秀蘭,False,0,57
10376,陳志強,False,0,57
10377,陳淑惠,False,0,57
10378,陳志強,False,0,57
10379,陳志強,False,0,57
10380,陳志強,False,0,57
10381,陳志強,False,0,57
10382,林淑惠,False,0,57
10383,陳志強,False,0,57
10384,陳志強,False,0,57
10385,陳志強,False,0,57
10386,陳志強,False,0,57
10387,陳志強,False,0,57
10388,陳志強,False,0,57
10389,陳志強,False,0,57
10390,陳志強,False,0,57
10391,陳怡君,False,0,57
10392,陳志強,False,0,57
10393,陳志強,False,0,57
10394,陳志強,False,0,57
10395,陳志強,False,0,57
10396,陳志強,False,0,57
10397,陳志強,False,0,57
10398,陳淑惠,False,0,57
10399,陳志強,False,0,57
10400,陳志強,False,0,57
10401,陳志強,False,0,57
10402,陳志強,False,0,57
10403,陳志強,False,0,57
10404,陳志強,False,0,57
10405,蔡宗翰,False,0,57
10406,陳志強,False,0,57
10407,王秀华,False,1,57
10408,林淑惠,False,0,57
10409,陳志強,False,0,57
10410,陳志強,False,0,57
10411,陳志強,False,0,57
10412,陳志強,False,0,57
10413,陳美玉,False,0,57
10414,陳志強,False,0,57
10415,陳志強,False,0,57
10416,陳淑惠,False,0,57
10417,陳美玉,False,0,57
10418,陳奕安,False,0,57
10419,陳志強,False,0,57
10420,陳淑惠,False,0,57
10421,陳志強,False,0,57
10422,陳秀蘭,False,0,57
10423,陳美玉,False,0,57
10424,陳志強,False,0,57
10425,陳志強,False,0,57
10426,陳志強,False,0,57
10427,陳奕安,False,0,57
10428,陳奕安,False,0,57
10429,蔡宗翰,False,0,57
10430,陳奕安,False,0,57
10431,陳志強,False,0,57
10432,陳志強,False,0,57
10433,陳志強,False,0,57
10434,陳志強,False,0,57
10435,陳志強,False,0,57
10436,陳志強,False,0,57
10437,陳志強,False,0,57
10438,陳志強,False,0,57
10439,陳志強,False,0,57
10440,张建国,False,1,58
10441,张建华,False,1,58
10442,张建华,False,1,58
10443,张建华,False,1,58
10444,张建国,False,1,58
10445,陳建宇,False,0,58
10446,张建华,False,1,58
10447,张建华,False,1,58
10448,林秀美,False,0,58
10449,林欣儀,False,0,58
10450,张建华,False,1,58
10451,张建华,False,1,58
10452,张建国,False,1,58
10453,张建华,False,1,58
10454,张建华,False,1,58
10455,张建华,False,1,58
10456,张建华,False,1,58
10457,张志强,False,1,58
10458,张建华,False,1,58
10459,张建国,False,1,58
10460,张建华,False,1,58
10461,林秀美,False,0,58
10462,张建华,False,1,58
10463,陳建宇,False,0,58
10464,张建华,False,1,58
10465,张建华,False,1,58
10466,张建华,False,1,58
10467,张建华,False,1,58
10468,林秀美,False,0,58
10469,林秀美,False,0,58
10470,张建华,False,1,58
10471,張育誠,False,0,58
10472,張育誠,False,0,58
10473,张建华,False,1,58
10474,张建华,False,1,58
10475,张志强,False,1,58
10476,林怡君,False,0,58
10477,张建华,False,1,58
10478,张建华,False,1,58
10479,林秀美,False,0,58
10480,张建华,False,1,58
10481,张志强,False,1,58
10482,张建华,False,1,58
10483,张建华,False,1,58
10484,张建国,False,1,58
10485,张秀荣,False,1,58
10486,张建华,False,1,58
10487,张建华,False,1,58
10488,张建华,False,1,58
10489,张建华,False,1,58
10490,张建国,False,1,58
10491,张建华,False,1,58
10492,张建华,False,1,58
10493,张建华,False,1,58
10494,林秀美,False,0,58
10495,张建国,False,1,58
10496,张建华,False,1,58
10497,张建华,False,1,58
10498,林秀美,False,0,58
10499,张建华,False,1,58
10500,张建华,False,1,58
10501,张建华,False,1,58
10502,张志强,False,1,58
10503,林秀美,False,0,58
10504,张志强,False,1,58
10505,张建华,False,1,58
10506,张建华,False,1,58
10507,张建国,False,1,58
10508,张建华,False,1,58
10509,张建华,False,1,58
10510,张建华,False,1,58
10511,张建华,False,1,58
10512,张建华,False,1,58
10513,张建华,False,1,58
10514,張育誠,False,0,58
10515,张建华,False,1,58
10516,张建华,False,1,58
10517,张建华,False,1,58
10518,张建华,False,1,58
10519,林秀美,False,0,58
10520,张建国,False,1,58
10521,张秀荣,False,1,58
10522,张红梅,False,1,58
10523,张建华,False,1,58
10524,張育誠,False,0,58
10525,张建华,False,1,58
10526,林秀美,False,0,58
10527,张建华,False,1,58
10528,张建华,False,1,58
10529,张建国,False,1,58
10530,张建华,False,1,58
10531,张建国,False,1,58
10532,张建华,False,1,58
10533,张建华,False,1,58
10534,张志强,False,1,58
10535,张志强,False,1,58
10536,张建华,False,1,58
10537,张建华,False,1,58
10538,张志强,False,1,58
10539,张建华,False,1,58
10540,张建华,False,1,58
10541,张建国,False,1,58
10542,张建国,False,1,58
10543,张建华,False,1,58
10544,张建华,False,1,58
10545,张建华,False,1,58
10546,张建华,False,1,58
10547,张建华,False,1,58
10548,张建华,False,1,58
10549,张志强,False,1,58
10550,张建华,False,1,58
10551,张建华,False,1,58
10552,张建华,False,1,58
10553,张建华,False,1,58
10554,陳建銘,False,0,58
10555,张建华,False,1,58
10556,张红梅,False,1,58
10557,张建华,False,1,58
10558,张志强,False,1,58
10559,张建华,False,1,58
10560,张建华,False,1,58
10561,张建华,False,1,58
10562,张建国,False,1,58
10563,林秀美,False,0,58
10564,张建华,False,1,58
10565,张建华,False,1,58
10566,张建华,False,1,58
10567,张志强,False,1,58
10568,张建华,False,1,58
10569,张建华,False,1,58
10570,张建华,False,1,58
10571,张志强,False,1,58
10572,张建华,False,1,58
10573,张志强,False,1,58
10574,张建华,False,1,58
10575,林怡君,False,0,58
10576,林秀美,False,0,58
10577,张建国,False,1,58
10578,张建华,False,1,58
10579,张建华,False,1,58
10580,林秀美,False,0,58
10581,张建国,False,1,58
10582,林秀美,False,0,58
10583,张志强,False,1,58
10584,张建华,False,1,58
10585,张建华,False,1,58
10586,张建华,False,1,58
10587,张秀荣,False,1,58
10588,林秀美,False,0,58
10589,张建华,False,1,58
10590,张建华,False,1,58
10591,林秀美,False,0,58
10592,张建华,False,1,58
10593,张建华,False,1,58
10594,张建华,False,1,58
10595,张建华,False,1,58
10596,张建华,False,1,58
10597,张建华,False,1,58
10598,张建华,False,1,58
10599,林秀美,False,0,58
10600,张建国,False,1,58
10601,张建华,False,1,58
10602,张志强,False,1,58
10603,张建华,False,1,58
10604,张秀荣,False,1,58
10605,张红梅,False,1,58
10606,张建华,False,1,58
10607,张志强,False,1,58
10608,张建国,False,1,58
10609,陳建宇,False,0,58
10610,张建华,False,1,58
10611,张红梅,False,1,58
10612,张建华,False,1,58
10613,张建华,False,1,58
10614,张建华,False,1,58
10615,张建华,False,1,58
10616,张建华,False,1,58
10617,张建华,False,1,58
10618,林秀美,False,0,58
10619,张志强,False,1,58
10620,林佳慧,False,0,59
10621,林建宏,False,0,59
10622,李承翰,False,0,59
10623,林建宏,False,0,59
10624,陳信宏,False,0,59
10625,李承翰,False,0,59
10626,陳威廷,False,0,59
10627,李秀梅,False,1,59
10628,李秀梅,False,1,59
10629,林建宏,False,0,59
10630,李秀梅,False,1,59
10631,陳威廷,False,0,59
10632,林建宏,False,0,59
10633,林建宏,False,0,59
10634,陳信宏,False,0,59
10635,林建宏,False,0,59
10636,林建宏,False,0,59
10637,林建宏,False,0,59
10638,林建宏,False,0,59
10639,陳信宏,False,0,59
10640,林建宏,False,0,59
10641,林建宏,False,0,59
10642,李承翰,False,0,59
10643,林淑華,False,0,59
10644,陳信宏,False,0,59
10645,林建宏,False,0,59
10646,林建宏,False,0,59
10647,李秀梅,False,1,59
10648,李秀梅,False,1,59
10649,林建宏,False,0,59
10650,李淑华,False,1,59
10651,李承翰,False,0,59
10652,陳信宏,False,0,59
10653,李承翰,False,0,59
10654,李承翰,False,0,59
10655,李承翰,False,0,59
10656,陳信宏,False,0,59
10657,林建宏,False,0,59
10658,李承翰,False,0,59
10659,李承翰,False,0,59
10660,陳信宏,False,0,59
10661,李淑华,False,1,59
10662,林建宏,False,0,59
10663,林建宏,False,0,59
10664,林建宏,False,0,59
10665,王俊凱,False,0,59
10666,陳信宏,False,0,59
10667,林建宏,False,0,59
10668,李承翰,False,0,59
10669,林淑華,False,0,59
10670,陳信宏,False,0,59
10671,李承翰,False,0,59
10672,林建宏,False,0,59
10673,李秀梅,False,1,59
10674,林建宏,False,0,59
10675,林建宏,False,0,59
10676,李承翰,False,0,59
10677,李秀梅,False,1,59
10678,李承翰,False,0,59
10679,李秀梅,False,1,59
10680,李承翰,False,0,59
10681,陳威廷,False,0,59
10682,陳信宏,False,0,59
10683,李秀梅,False,1,59
10684,陳威廷,False,0,59
10685,李秀梅,False,1,59
10686,林建宏,False,0,59
10687,林建宏,False,0,59
10688,李承翰,False,0,59
10689,陳雅惠,False,0,59
10690,李承翰,False,0,59
10691,林建宏,False,0,59
10692,林建宏,False,0,59
10693,李秀梅,False,1,59
10694,李秀梅,False,1,59
10695,李淑华,False,1,59
10696,陳威廷,False,0,59
10697,林建宏,False,0,59
10698,林建宏,False,0,59
10699,林建宏,False,0,59
10700,李承翰,False,0,59
10701,李承翰,False,0,59
10702,李承翰,False,0,59
10703,陳信宏,False,0,59
10704,林淑華,False,0,59
10705,李淑华,False,1,59
10706,林建宏,False,0,59
10707,李秀梅,False,1,59
10708,林建宏,False,0,59
10709,李承翰,False,0,59
10710,李承翰,False,0,59
10711,李秀梅,False,1,59
10712,林建宏,False,0,59
10713,李承翰,False,0,59
10714,林建宏,False,0,59
10715,李秀梅,False,1,59
10716,陳威廷,False,0,59
10717,李秀梅,False,1,59
10718,李淑华,False,1,59
10719,李淑华,False,1,59
10720,陳信宏,False,0,59
10721,林建宏,False,0,59
10722,陳信宏,False,0,59
10723,李承翰,False,0,59
10724,李淑芬,False,0,59
10725,李承翰,False,0,59
10726,林建宏,False,0,59
10727,李承翰,False,0,59
10728,林建宏,False,0,59
10729,林建宏,False,0,59
10730,林建宏,False,0,59
10731,李承翰,False,0,59
10732,林建宏,False,0,59
10733,陳信宏,False,0,59
10734,林建宏,False,0,59
10735,李淑芬,False,0,59
10736,李承翰,False,0,59
10737,李淑华,False,1,59
10738,李承翰,False,0,59
10739,陳信宏,False,0,59
10740,李承翰,False,0,59
10741,陳信宏,False,0,59
10742,李秀梅,False,1,59
10743,林建宏,False,0,59
10744,李承翰,False,0,59
10745,李春梅,False,1,59
10746,林建宏,False,0,59
10747,李承翰,False,0,59
10748,陳信宏,False,0,59
10749,林建宏,False,0,59
10750,林建宏,False,0,59
10751,林建宏,False,0,59
10752,林建宏,False,0,59
10753,李承翰,False,0,59
10754,林建宏,False,0,59
10755,李承翰,False,0,59
10756,陳信宏,False,0,59
10757,李承翰,False,0,59
10758,陳信宏,False,0,59
10759,李承翰,False,0,59
10760,林建宏,False,0,59
10761,林建宏,False,0,59
10762,李淑芬,False,0,59
10763,李承翰,False,0,59
10764,陳信宏,False,0,59
10765,李秀梅,False,1,59
10766,林建宏,False,0,59
10767,李淑华,False,1,59
10768,李承翰,False,0,59
10769,陳信宏,False,0,59
10770,李秀梅,False,1,59
10771,李承翰,False,0,59
10772,林建宏,False,0,59
10773,林建宏,False,0,59
10774,林建宏,False,0,59
10775,王俊凱,False,0,59
10776,林建宏,False,0,59
10777,李秀梅,False,1,59
10778,李承翰,False,0,59
10779,林建宏,False,0,59
10780,陳信宏,False,0,59
10781,李承翰,False,0,59
10782,林建宏,False,0,59
10783,林建宏,False,0,59
10784,陳信宏,False,0,59
10785,李秀梅,False,1,59
10786,李承翰,False,0,59
10787,李承翰,False,0,59
10788,李承翰,False,0,59
10789,李春梅,False,1,59
10790,林建宏,False,0,59
10791,陳威廷,False,0,59
10792,林建宏,False,0,59
10793,陳信宏,False,0,59
10794,林建宏,False,0,59
10795,李承翰,False,0,59
10796,李淑芬,False,0,59
10797,李秀梅,False,1,59
10798,李春梅,False,1,59
10799,王俊凱,False,0,59
10800,李建华,False,1,60
10801,林建志,False,0,60
10802,林明輝,False,0,60
10803,李建华,False,1,60
10804,王桂芳,False,1,60
10805,李建华,False,1,60
10806,李建华,False,1,60
10807,王红梅,False,1,60
10808,林建志,False,0,60
10809,林明輝,False,0,60
10810,李建华,False,1,60
10811,林建志,False,0,60
10812,王红梅,False,1,60
10813,李建华,False,1,60
10814,李建华,False,1,60
10815,林明輝,False,0,60
10816,李建华,False,1,60
10817,林建志,False,0,60
10818,李建华,False,1,60
10819,李建华,False,1,60
10820,林明輝,False,0,60
10821,李建华,False,1,60
10822,林明輝,False,0,60
10823,李建华,False,1,60
10824,林明輝,False,0,60
10825,林明輝,False,0,60
10826,李建华,False,1,60
10827,李建华,False,1,60
10828,李建华,False,1,60
10829,李建华,False,1,60
10830,李建华,False,1,60
10831,林明輝,False,0,60
10832,林明輝,False,0,60
10833,李建华,False,1,60
10834,李建华,False,1,60
10835,林建志,False,0,60
10836,李建华,False,1,60
10837,李建华,False,1,60
10838,林明輝,False,0,60
10839,李建华,False,1,60
10840,李建华,False,1,60
10841,王桂芳,False,1,60
10842,李建华,False,1,60
10843,李建华,False,1,60
10844,林建志,False,0,60
10845,王红梅,False,1,60
10846,李怡萱,False,0,60
10847,王红梅,False,1,60
10848,林明輝,False,0,60
10849,林明輝,False,0,60
10850,林明輝,False,0,60
10851,林明輝,False,0,60
10852,李建华,False,1,60
10853,林明輝,False,0,60
10854,李建华,False,1,60
10855,林建志,False,0,60
10856,林建志,False,0,60
10857,林明輝,False,0,60
10858,杨秀英,False,1,60
10859,李建华,False,1,60
10860,林建志,False,0,60
10861,陳柏霖,False,0,60
10862,李建华,False,1,60
10863,王凤兰,False,1,60
10864,李建华,False,1,60
10865,王红梅,False,1,60
10866,李建华,False,1,60
10867,林明輝,False,0,60
10868,李建华,False,1,60
10869,林建志,False,0,60
10870,李建华,False,1,60
10871,林建志,False,0,60
10872,林明輝,False,0,60
10873,李建华,False,1,60
10874,林建志,False,0,60
10875,林建志,False,0,60
10876,李建华,False,1,60
10877,李建华,False,1,60
10878,林明輝,False,0,60
10879,李建华,False,1,60
10880,李建华,False,1,60
10881,李建华,False,1,60
10882,李怡萱,False,0,60
10883,林建志,False,0,60
10884,林明輝,False,0,60
10885,李建华,False,1,60
10886,陳冠廷,False,0,60
10887,李建华,False,1,60
10888,李建华,False,1,60
10889,林建志,False,0,60
10890,林明輝,False,0,60
10891,林明輝,False,0,60
10892,李建华,False,1,60
10893,李建华,False,1,60
10894,林明輝,False,0,60
10895,林建志,False,0,60
10896,王桂珍,False,1,60
10897,李建华,False,1,60
10898,李怡萱,False,0,60
10899,王红梅,False,1,60
10900,林建志,False,0,60
10901,王红梅,False,1,60
10902,李建华,False,1,60
10903,李建华,False,1,60
10904,李建华,False,1,60
10905,林明輝,False,0,60
10906,杨秀英,False,1,60
10907,李建华,False,1,60
10908,林建志,False,0,60
10909,李建华,False,1,60
10910,李建华,False,1,60
10911,林明輝,False,0,60
10912,林明輝,False,0,60
10913,林建志,False,0,60
10914,李建华,False,1,60
10915,林明輝,False,0,60
10916,李建华,False,1,60
10917,李建华,False,1,60
10918,李建华,False,1,60
10919,林建志,False,0,60
10920,林明輝,False,0,60
10921,李怡萱,False,0,60
10922,林建志,False,0,60
10923,林明輝,False,0,60
10924,李建华,False,1,60
10925,林明輝,False,0,60
10926,林明輝,False,0,60
10927,林明輝,False,0,60
10928,李建华,False,1,60
10929,李建华,False,1,60
10930,林明輝,False,0,60
10931,林明輝,False,0,60
10932,李建华,False,1,60
10933,李建华,False,1,60
10934,王红梅,False,1,60
10935,林明輝,False,0,60
10936,林建志,False,0,60
10937,林明輝,False,0,60
10938,李建华,False,1,60
10939,林建志,False,0,60
10940,林建志,False,0,60
10941,林明輝,False,0,60
10942,李建华,False,1,60
10943,林建志,False,0,60
10944,李建华,False,1,60
10945,林明輝,False,0,60
10946,林建志,False,0,60
10947,林明輝,False,0,60
10948,李建华,False,1,60
10949,李建华,False,1,60
10950,李建华,False,1,60
10951,林建志,False,0,60
10952,李建华,False,1,60
10953,李建华,False,1,60
10954,李建华,False,1,60
10955,李建华,False,1,60
10956,林建志,False,0,60
10957,林明輝,False,0,60
10958,李建华,False,1,60
10959,陳柏霖,False,0,60
10960,李建华,False,1,60
10961,林明輝,False,0,60
10962,李建华,False,1,60
10963,李怡萱,False,0,60
10964,李建华,False,1,60
10965,林明輝,False,0,60
10966,李建华,False,1,60
10967,李建华,False,1,60
10968,李建华,False,1,60
10969,林明輝,False,0,60
10970,李建华,False,1,60
10971,李怡萱,False,0,60
10972,陳冠廷,False,0,60
10973,李怡萱,False,0,60
10974,王红梅,False,1,60
10975,李建华,False,1,60
10976,林建志,False,0,60
10977,林明輝,False,0,60
10978,林明輝,False,0,60
10979,林明輝,False,0,60
10980,陳冠宏,False,0,61
10981,陳冠宏,False,0,61
10982,陳冠宏,False,0,61
10983,楊宗翰,False,0,61
10984,陳冠宏,False,0,61
10985,李海燕,False,1,61
10986,李海燕,False,1,61
10987,陳冠宏,False,0,61
10988,楊宗翰,False,0,61
10989,李海燕,False,1,61
10990,李海燕,False,1,61
10991,陳冠宏,False,0,61
10992,陳正雄,False,0,61
10993,陳正雄,False,0,61
10994,陳志豪,False,0,61
10995,陳正雄,False,0,61
10996,李海燕,False,1,61
10997,李海燕,False,1,61
10998,陳志豪,False,0,61
10999,陳宥廷,False,0,61
11000,陳冠宏,False,0,61
11001,陳冠宏,False,0,61
11002,陳冠宏,False,0,61
11003,陳冠宏,False,0,61
11004,陳冠宏,False,0,61
11005,楊宗翰,False,0,61
11006,楊宗翰,False,0,61
11007,楊宗翰,False,0,61
11008,李海燕,False,1,61
11009,陳冠宏,False,0,61
11010,楊宗翰,False,0,61
11011,陳志豪,False,0,61
11012,陳正雄,False,0,61
11013,李海燕,False,1,61
11014,陳冠宏,False,0,61
11015,陳冠宏,False,0,61
11016,陳冠宏,False,0,61
11017,陳冠宏,False,0,61
11018,李海燕,False,1,61
11019,陳冠宏,False,0,61
11020,李淑惠,False,0,61
11021,陳冠宏,False,0,61
11022,张丽华,False,1,61
11023,陳冠宏,False,0,61
11024,李海燕,False,1,61
11025,陳冠宏,False,0,61
11026,陳正雄,False,0,61
11027,陳冠宏,False,0,61
11028,陳志豪,False,0,61
11029,李淑惠,False,0,61
11030,李海燕,False,1,61
11031,陳志豪,False,0,61
11032,陳冠宏,False,0,61
11033,陳志豪,False,0,61
11034,陳正雄,False,0,61
11035,陳志豪,False,0,61
11036,陳冠宏,False,0,61
11037,楊宗翰,False,0,61
11038,楊宗翰,False,0,61
11039,王秀芳,False,1,61
11040,陳志豪,False,0,61
11041,李海燕,False,1,61
11042,陳冠宏,False,0,61
11043,李海燕,False,1,61
11044,楊宗翰,False,0,61
11045,陳宥廷,False,0,61
11046,李海燕,False,1,61
11047,陳志豪,False,0,61
11048,陳冠宏,False,0,61
11049,陳志豪,False,0,61
11050,楊宗翰,False,0,61
11051,张丽华,False,1,61
11052,陳冠宏,False,0,61
11053,陳志豪,False,0,61
11054,楊宗翰,False,0,61
11055,李淑惠,False,0,61
11056,陳冠宏,False,0,61
11057,陳志豪,False,0,61
11058,楊宗翰,False,0,61
11059,陳冠宏,False,0,61
11060,李海燕,False,1,61
11061,李海燕,False,1,61
11062,李春梅,False,1,61
11063,陳冠宏,False,0,61
11064,李海燕,False,1,61
11065,陳正雄,False,0,61
11066,陳志豪,False,0,61
11067,李海燕,False,1,61
11068,楊宗翰,False,0,61
11069,李玉华,False,1,61
11070,李海燕,False,1,61
11071,陳志豪,False,0,61
11072,李海燕,False,1,61
11073,李海燕,False,1,61
11074,陳冠宏,False,0,61
11075,陳宥廷,False,0,61
11076,陳冠宏,False,0,61
11077,李海燕,False,1,61
11078,李海燕,False,1,61
11079,陳冠宏,False,0,61
11080,李海燕,False,1,61
11081,李海燕,False,1,61
11082,陳冠宏,False,0,61
11083,陳冠宏,False,0,61
11084,陳冠宏,False,0,61
11085,陳正雄,False,0,61
11086,陳志豪,False,0,61
11087,陳冠宏,False,0,61
11088,陳冠宏,False,0,61
11089,楊宗翰,False,0,61
11090,李海燕,False,1,61
11091,李海燕,False,1,61
11092,陳冠宏,False,0,61
11093,楊宗翰,False,0,61
11094,陳正雄,False,0,61
11095,李海燕,False,1,61
11096,李海燕,False,1,61
11097,陳冠宏,False,0,61
11098,李海燕,False,1,61
11099,陳正雄,False,0,61
11100,李海燕,False,1,61
11101,李淑惠,False,0,61
11102,楊宗翰,False,0,61
11103,陳宥廷,False,0,61
11104,陳志豪,False,0,61
11105,陳冠宏,False,0,61
11106,楊宗翰,False,0,61
11107,李海燕,False,1,61
11108,陳冠宏,False,0,61
11109,李玉华,False,1,61
11110,陳宥廷,False,0,61
11111,陳冠宏,False,0,61
11112,陳冠宏,False,0,61
11113,陳冠宏,False,0,61
11114,李海燕,False,1,61
11115,陳志豪,False,0,61
11116,陳志豪,False,0,61
11117,李海燕,False,1,61
11118,陳志豪,False,0,61
11119,陳冠宏,False,0,61
11120,陳正雄,False,0,61
11121,李春梅,False,1,61
11122,陳宥廷,False,0,61
11123,陳正雄,False,0,61
11124,楊宗翰,False,0,61
11125,李海燕,False,1,61
11126,陳志豪,False,0,61
11127,陳冠宏,False,0,61
11128,陳正雄,False,0,61
11129,陳冠宏,False,0,61
11130,陳志豪,False,0,61
11131,陳冠宏,False,0,61
11132,李海燕,False,1,61
11133,陳志豪,False,0,61
11134,陳宥廷,False,0,61
11135,陳冠宏,False,0,61
11136,陳冠宏,False,0,61
11137,陳志豪,False,0,61
11138,李海燕,False,1,61
11139,陳正雄,False,0,61
11140,楊宗翰,False,0,61
11141,陳冠宏,False,0,61
11142,陳宥廷,False,0,61
11143,陳志豪,False,0,61
11144,陳冠宏,False,0,61
11145,陳宥廷,False,0,61
11146,陳冠宏,False,0,61
11147,陳志豪,False,0,61
11148,李海燕,False,1,61
11149,陳冠宏,False,0,61
11150,陳冠宏,False,0,61
11151,陳志豪,False,0,61
11152,陳冠宏,False,0,61
11153,陳宥廷,False,0,61
11154,李海燕,False,1,61
11155,陳志豪,False,0,61
11156,陳冠宏,False,0,61
11157,陳冠宏,False,0,61
11158,陳冠宏,False,0,61
11159,陳冠宏,False,0,61
11160,林明德,False,0,62
11161,林子翔,False,0,62
11162,陳秀美,False,0,62
11163,林明德,False,0,62
11164,林子翔,False,0,62
11165,林明德,False,0,62
11166,林子翔,False,0,62
11167,林子翔,False,0,62
11168,林明德,False,0,62
11169,林子翔,False,0,62
11170,林建志,False,0,62
11171,林明德,False,0,62
11172,陳冠宏,False,0,62
11173,林明德,False,0,62
11174,林建志,False,0,62
11175,林建志,False,0,62
11176,林明德,False,0,62
11177,林明德,False,0,62
11178,林明德,False,0,62
11179,林明德,False,0,62
11180,林子翔,False,0,62
11181,林明德,False,0,62
11182,林建志,False,0,62
11183,林明德,False,0,62
11184,林明德,False,0,62
11185,林建志,False,0,62
11186,陳韻如,False,0,62
11187,林明德,False,0,62
11188,林明德,False,0,62
11189,林子翔,False,0,62
11190,林子翔,False,0,62
11191,林明德,False,0,62
11192,林明德,False,0,62
11193,林子翔,False,0,62
11194,林明德,False,0,62
11195,林明德,False,0,62
11196,林明德,False,0,62
11197,林明德,False,0,62
11198,林建志,False,0,62
11199,林明德,False,0,62
11200,林明德,False,0,62
11201,林明德,False,0,62
11202,陳冠宏,False,0,62
11203,林子翔,False,0,62
11204,林子翔,False,0,62
11205,林明德,False,0,62
11206,林子翔,False,0,62
11207,林子翔,False,0,62
11208,林建志,False,0,62
11209,林明德,False,0,62
11210,林明德,False,0,62
11211,林明德,False,0,62
11212,陳冠宏,False,0,62
11213,林明德,False,0,62
11214,林明德,False,0,62
11215,林明德,False,0,62
11216,林明德,False,0,62
11217,林明德,False,0,62
11218,林明德,False,0,62
11219,林明德,False,0,62
11220,林明德,False,0,62
11221,林明德,False,0,62
11222,林明德,False,0,62
11223,林子翔,False,0,62
11224,林明德,False,0,62
11225,林明德,False,0,62
11226,林明德,False,0,62
11227,林子翔,False,0,62
11228,林建志,False,0,62
11229,林子翔,False,0,62
11230,林明德,False,0,62
11231,林建志,False,0,62
11232,林建志,False,0,62
11233,林明德,False,0,62
11234,林明德,False,0,62
11235,林建志,False,0,62
11236,林明德,False,0,62
11237,林明德,False,0,62
11238,林子翔,False,0,62
11239,林明德,False,0,62
11240,林明德,False,0,62
11241,林明德,False,0,62
11242,林明德,False,0,62
11243,林明德,False,0,62
11244,林明德,False,0,62
11245,林明德,False,0,62
11246,林子翔,False,0,62
11247,陳秀美,False,0,62
11248,林子翔,False,0,62
11249,林明德,False,0,62
11250,林明德,False,0,62
11251,林建志,False,0,62
11252,林子翔,False,0,62
11253,林明德,False,0,62
11254,林明德,False,0,62
11255,林明德,False,0,62
11256,林明德,False,0,62
11257,林子翔,False,0,62
11258,林明德,False,0,62
11259,林明德,False,0,62
11260,林子翔,False,0,62
11261,林明德,False,0,62
11262,林明德,False,0,62
11263,林明德,False,0,62
11264,林明德,False,0,62
11265,林明德,False,0,62
11266,林建志,False,0,62
11267,林明德,False,0,62
11268,林明德,False,0,62
11269,林建志,False,0,62
11270,林明德,False,0,62
11271,林明德,False,0,62
11272,林明德,False,0,62
11273,林明德,False,0,62
11274,林明德,False,0,62
11275,林明德,False,0,62
11276,林明德,False,0,62
11277,林明德,False,0,62
11278,林明德,False,0,62
11279,林明德,False,0,62
11280,陳冠宏,False,0,62
11281,林明德,False,0,62
11282,林明德,False,0,62
11283,林明德,False,0,62
11284,林明德,False,0,62
11285,林子翔,False,0,62
11286,林子翔,False,0,62
11287,林明德,False,0,62
11288,林子翔,False,0,62
11289,林明德,False,0,62
11290,林明德,False,0,62
11291,林明德,False,0,62
11292,林明德,False,0,62
11293,林明德,False,0,62
11294,林子翔,False,0,62
11295,林明德,False,0,62
11296,林子翔,False,0,62
11297,林子翔,False,0,62
11298,林建志,False,0,62
11299,林明德,False,0,62
11300,林明德,False,0,62
11301,林建志,False,0,62
11302,林明德,False,0,62
11303,林建志,False,0,62
11304,林建志,False,0,62
11305,林子翔,False,0,62
11306,林明德,False,0,62
11307,林明德,False,0,62
11308,林明德,False,0,62
11309,林明德,False,0,62
11310,林明德,False,0,62
11311,林明德,False,0,62
11312,林建志,False,0,62
11313,陳冠宏,False,0,62
11314,林明德,False,0,62
11315,陳冠宏,False,0,62
11316,林明德,False,0,62
11317,陳冠宏,False,0,62
11318,林明德,False,0,62
11319,林明德,False,0,62
11320,林明德,False,0,62
11321,林明德,False,0,62
11322,林明德,False,0,62
11323,林明德,False,0,62
11324,林明德,False,0,62
11325,林明德,False,0,62
11326,林明德,False,0,62
11327,林子翔,False,0,62
11328,林明德,False,0,62
11329,林子翔,False,0,62
11330,林明德,False,0,62
11331,林明德,False,0,62
11332,陳冠宏,False,0,62
11333,林明德,False,0,62
11334,林子翔,False,0,62
11335,林明德,False,0,62
11336,林子翔,False,0,62
11337,林子翔,False,0,62
11338,林建志,False,0,62
11339,陳冠宏,False,0,62
11340,王秀兰,False,1,63
11341,林建志,False,0,63
11342,王婷婷,False,1,63
11343,林建志,False,0,63
11344,林建志,False,0,63
11345,林信宏,False,0,63
11346,林信宏,False,0,63
11347,林信宏,False,0,63
11348,陳慧玲,False,0,63
11349,林信宏,False,0,63
11350,王婷婷,False,1,63
11351,林信宏,False,0,63
11352,林信宏,False,0,63
11353,王秀兰,False,1,63
11354,林建志,False,0,63
11355,林建志,False,0,63
11356,林信宏,False,0,63
11357,林信宏,False,0,63
11358,林建志,False,0,63
11359,林建志,False,0,63
11360,林淑惠,False,0,63
11361,林信宏,False,0,63
11362,林建志,False,0,63
11363,林信宏,False,0,63
11364,林建志,False,0,63
11365,林建志,False,0,63
11366,林建志,False,0,63
11367,林信宏,False,0,63
11368,林建志,False,0,63
11369,林信宏,False,0,63
11370,林信宏,False,0,63
11371,王婷婷,False,1,63
11372,林信宏,False,0,63
11373,林信宏,False,0,63
11374,林淑惠,False,0,63
11375,王婷婷,False,1,63
11376,林信宏,False,0,63
11377,王秀兰,False,1,63
11378,林信宏,False,0,63
11379,王秀兰,False,1,63
11380,林信宏,False,0,63
11381,林建志,False,0,63
11382,林建志,False,0,63
11383,林信宏,False,0,63
11384,王秀兰,False,1,63
11385,王秀兰,False,1,63
11386,王秀兰,False,1,63
11387,王婷婷,False,1,63
11388,王婷婷,False,1,63
11389,林建志,False,0,63
11390,王秀兰,False,1,63
11391,林淑惠,False,0,63
11392,林信宏,False,0,63
11393,林建志,False,0,63
11394,林建志,False,0,63
11395,林信宏,False,0,63
11396,林建志,False,0,63
11397,林信宏,False,0,63
11398,林信宏,False,0,63
11399,林建志,False,0,63
11400,楊承翰,False,0,63
11401,林建志,False,0,63
11402,林信宏,False,0,63
11403,王秀兰,False,1,63
11404,林信宏,False,0,63
11405,林淑惠,False,0,63
11406,林建志,False,0,63
11407,林淑惠,False,0,63
11408,林建志,False,0,63
11409,林建志,False,0,63
11410,林信宏,False,0,63
11411,王秀兰,False,1,63
11412,吳承恩,False,0,63
11413,王婷婷,False,1,63
11414,王婷婷,False,1,63
11415,林建志,False,0,63
11416,林建志,False,0,63
11417,林建志,False,0,63
11418,林信宏,False,0,63
11419,王婷婷,False,1,63
11420,吳承恩,False,0,63
11421,王秀兰,False,1,63
11422,王秀兰,False,1,63
11423,王婷婷,False,1,63
11424,林建志,False,0,63
11425,王兰英,False,1,63
11426,王秀兰,False,1,63
11427,林建志,False,0,63
11428,林淑惠,False,0,63
11429,林建志,False,0,63
11430,林信宏,False,0,63
11431,林信宏,False,0,63
11432,林信宏,False,0,63
11433,林建志,False,0,63
11434,林建志,False,0,63
11435,吳承恩,False,0,63
11436,林淑惠,False,0,63
11437,林信宏,False,0,63
11438,林信宏,False,0,63
11439,林建志,False,0,63
11440,王秀兰,False,1,63
11441,王婷婷,False,1,63
11442,林建志,False,0,63
11443,林信宏,False,0,63
11444,王婷婷,False,1,63
11445,林信宏,False,0,63
11446,王婷婷,False,1,63
11447,林淑惠,False,0,63
11448,王婷婷,False,1,63
11449,林信宏,False,0,63
11450,林信宏,False,0,63
11451,林信宏,False,0,63
11452,林信宏,False,0,63
11453,林信宏,False,0,63
11454,林信宏,False,0,63
11455,林建志,False,0,63
11456,王秀兰,False,1,63
11457,林信宏,False,0,63
11458,王婷婷,False,1,63
11459,林建志,False,0,63
11460,王婷婷,False,1,63
11461,林信宏,False,0,63
11462,林信宏,False,0,63
11463,林信宏,False,0,63
11464,林信宏,False,0,63
11465,林信宏,False,0,63
11466,王秀兰,False,1,63
11467,林信宏,False,0,63
11468,林建志,False,0,63
11469,林淑惠,False,0,63
11470,林建志,False,0,63
11471,林建志,False,0,63
11472,王婷婷,False,1,63
11473,林信宏,False,0,63
11474,林淑惠,False,0,63
11475,王秀兰,False,1,63
11476,林建志,False,0,63
11477,林信宏,False,0,63
11478,林建志,False,0,63
11479,王秀兰,False,1,63
11480,林信宏,False,0,63
11481,林信宏,False,0,63
11482,林信宏,False,0,63
11483,王婷婷,False,1,63
11484,林信宏,False,0,63
11485,林建志,False,0,63
11486,林信宏,False,0,63
11487,林信宏,False,0,63
11488,林建志,False,0,63
11489,林信宏,False,0,63
11490,林建志,False,0,63
11491,林建志,False,0,63
11492,林信宏,False,0,63
11493,林信宏,False,0,63
11494,王秀兰,False,1,63
11495,林建志,False,0,63
11496,林建志,False,0,63
11497,林淑惠,False,0,63
11498,王秀兰,False,1,63
11499,吳承恩,False,0,63
11500,林建志,False,0,63
11501,李宗翰,False,0,63
11502,林信宏,False,0,63
11503,林建志,False,0,63
11504,林信宏,False,0,63
11505,林建志,False,0,63
11506,林信宏,False,0,63
11507,林建志,False,0,63
11508,林信宏,False,0,63
11509,林淑惠,False,0,63
11510,林信宏,False,0,63
11511,王婷婷,False,1,63
11512,林建志,False,0,63
11513,王冬梅,False,1,63
11514,林信宏,False,0,63
11515,林信宏,False,0,63
11516,林建志,False,0,63
11517,林建志,False,0,63
11518,王秀兰,False,1,63
11519,林信宏,False,0,63
11520,林建良,False,0,64
11521,林冠宏,False,0,64
11522,林冠宏,False,0,64
11523,林冠宏,False,0,64
11524,林冠宏,False,0,64
11525,林子翔,False,0,64
11526,林冠廷,False,0,64
11527,林冠廷,False,0,64
11528,林志鴻,False,0,64
11529,林子翔,False,0,64
11530,林冠廷,False,0,64
11531,林冠廷,False,0,64
11532,林冠廷,False,0,64
11533,林冠廷,False,0,64
11534,林冠廷,False,0,64
11535,林冠廷,False,0,64
11536,林冠宏,False,0,64
11537,林冠廷,False,0,64
11538,林子翔,False,0,64
11539,林冠宏,False,0,64
11540,林建良,False,0,64
11541,林冠宏,False,0,64
11542,林冠廷,False,0,64
11543,林建良,False,0,64
11544,林建良,False,0,64
11545,林宜蓁,False,0,64
11546,林建良,False,0,64
11547,林冠廷,False,0,64
11548,林冠宏,False,0,64
11549,林冠廷,False,0,64
11550,林冠廷,False,0,64
11551,林冠宏,False,0,64
11552,林冠宏,False,0,64
11553,林冠宏,False,0,64
11554,林冠宏,False,0,64
11555,林冠廷,False,0,64
11556,林子翔,False,0,64
11557,林冠宏,False,0,64
11558,林冠廷,False,0,64
11559,林冠宏,False,0,64
11560,林冠廷,False,0,64
11561,林子翔,False,0,64
11562,林冠宏,False,0,64
11563,林冠廷,False,0,64
11564,林冠宏,False,0,64
11565,林冠宏,False,0,64
11566,林冠宏,False,0,64
11567,林冠宏,False,0,64
11568,林冠宏,False,0,64
11569,林冠廷,False,0,64
11570,林建良,False,0,64
11571,林冠廷,False,0,64
11572,林冠廷,False,0,64
11573,林子翔,False,0,64
11574,林冠宏,False,0,64
11575,林冠廷,False,0,64
11576,林冠宏,False,0,64
11577,林冠廷,False,0,64
11578,林冠宏,False,0,64
11579,林冠廷,False,0,64
11580,林冠廷,False,0,64
11581,林子翔,False,0,64
11582,林宜蓁,False,0,64
11583,林建良,False,0,64
11584,林建良,False,0,64
11585,林冠宏,False,0,64
11586,林宜蓁,False,0,64
11587,林冠宏,False,0,64
11588,林冠宏,False,0,64
11589,林冠廷,False,0,64
11590,林宜蓁,False,0,64
11591,林冠廷,False,0,64
11592,林冠廷,False,0,64
11593,林宜蓁,False,0,64
11594,林冠宏,False,0,64
11595,林子翔,False,0,64
11596,林冠宏,False,0,64
11597,林冠宏,False,0,64
11598,林冠廷,False,0,64
11599,林建良,False,0,64
11600,林冠宏,False,0,64
11601,林冠宏,False,0,64
11602,林冠宏,False,0,64
11603,林冠廷,False,0,64
11604,林建良,False,0,64
11605,林冠宏,False,0,64
11606,林冠廷,False,0,64
11607,林冠宏,False,0,64
11608,林冠宏,False,0,64
11609,林冠廷,False,0,64
11610,林冠廷,False,0,64
11611,林冠宏,False,0,64
11612,林子翔,False,0,64
11613,林冠宏,False,0,64
11614,林冠宏,False,0,64
11615,林冠廷,False,0,64
11616,林冠廷,False,0,64
11617,林冠廷,False,0,64
11618,林冠廷,False,0,64
11619,林子翔,False,0,64
11620,林子翔,False,0,64
11621,林建良,False,0,64
11622,林子翔,False,0,64
11623,林冠宏,False,0,64
11624,林冠宏,False,0,64
11625,林冠廷,False,0,64
11626,林冠宏,False,0,64
11627,林冠廷,False,0,64
11628,林冠宏,False,0,64
11629,林冠宏,False,0,64
11630,林冠宏,False,0,64
11631,林志鴻,False,0,64
11632,林冠宏,False,0,64
11633,林冠宏,False,0,64
11634,林冠廷,False,0,64
11635,林冠廷,False,0,64
11636,林冠宏,False,0,64
11637,林志鴻,False,0,64
11638,林冠宏,False,0,64
11639,林冠宏,False,0,64
11640,林冠廷,False,0,64
11641,林冠廷,False,0,64
11642,林冠廷,False,0,64
11643,林冠廷,False,0,64
11644,林冠廷,False,0,64
11645,林冠宏,False,0,64
11646,林冠宏,False,0,64
11647,林子翔,False,0,64
11648,林冠廷,False,0,64
11649,林冠宏,False,0,64
11650,林冠宏,False,0,64
11651,林冠廷,False,0,64
11652,林冠宏,False,0,64
11653,林冠宏,False,0,64
11654,林冠宏,False,0,64
11655,林冠宏,False,0,64
11656,林冠廷,False,0,64
11657,林冠宏,False,0,64
11658,林冠宏,False,0,64
11659,林冠宏,False,0,64
11660,林冠宏,False,0,64
11661,林冠宏,False,0,64
11662,林冠廷,False,0,64
11663,林子翔,False,0,64
11664,林子翔,False,0,64
11665,林冠廷,False,0,64
11666,林冠宏,False,0,64
11667,林冠宏,False,0,64
11668,林冠宏,False,0,64
11669,林冠廷,False,0,64
11670,林冠廷,False,0,64
11671,林冠廷,False,0,64
11672,林冠廷,False,0,64
11673,林子翔,False,0,64
11674,林冠宏,False,0,64
11675,林建良,False,0,64
11676,林冠宏,False,0,64
11677,林冠宏,False,0,64
11678,林冠廷,False,0,64
11679,林冠宏,False,0,64
11680,林子翔,False,0,64
11681,林冠宏,False,0,64
11682,林冠宏,False,0,64
11683,林冠宏,False,0,64
11684,林冠宏,False,0,64
11685,林冠宏,False,0,64
11686,林冠宏,False,0,64
11687,林冠宏,False,0,64
11688,林冠廷,False,0,64
11689,林冠宏,False,0,64
11690,林冠宏,False,0,64
11691,林冠廷,False,0,64
11692,林冠廷,False,0,64
11693,林冠廷,False,0,64
11694,林冠宏,False,0,64
11695,林冠廷,False,0,64
11696,林子翔,False,0,64
11697,林冠宏,False,0,64
11698,林冠宏,False,0,64
11699,林冠廷,False,0,64
11700,陳志忠,False,0,65
11701,陳志明,False,0,65
11702,陳志明,False,0,65
11703,陳志明,False,0,65
11704,陳志明,False,0,65
11705,王冬梅,False,1,65
11706,陳文彬,False,0,65
11707,陳志明,False,0,65
11708,吳承恩,False,0,65
11709,陳志明,False,0,65
11710,吳俊毅,False,0,65
11711,陳志明,False,0,65
11712,王玉珍,False,1,65
11713,陳志明,False,0,65
11714,林彥廷,False,0,65
11715,陳志明,False,0,65
11716,陳文彬,False,0,65
11717,李建興,False,0,65
11718,陳志明,False,0,65
11719,陳志明,False,0,65
11720,陳志明,False,0,65
11721,林雅婷,False,0,65
11722,陳志明,False,0,65
11723,吳俊毅,False,0,65
11724,陳志忠,False,0,65
11725,林雅婷,False,0,65
11726,陳志明,False,0,65
11727,陳志明,False,0,65
11728,陳文彬,False,0,65
11729,陳志明,False,0,65
11730,王冬梅,False,1,65
11731,陳志忠,False,0,65
11732,林雅婷,False,0,65
11733,陳志明,False,0,65
11734,陳文彬,False,0,65
11735,陳志明,False,0,65
11736,吳承恩,False,0,65
11737,林雅婷,False,0,65
11738,陳志明,False,0,65
11739,王凤英,False,1,65
11740,吳承恩,False,0,65
11741,陳志明,False,0,65
11742,陳志明,False,0,65
11743,王凤英,False,1,65
11744,陳志明,False,0,65
11745,吳承恩,False,0,65
11746,吳俊毅,False,0,65
11747,林彥廷,False,0,65
11748,陳志忠,False,0,65
11749,吳俊毅,False,0,65
11750,陳志明,False,0,65
11751,吳俊毅,False,0,65
11752,陳志明,False,0,65
11753,陳志明,False,0,65
11754,王冬梅,False,1,65
11755,林雅婷,False,0,65
11756,陳志明,False,0,65
11757,陳志明,False,0,65
11758,陳志忠,False,0,65
11759,陳志明,False,0,65
11760,陳志明,False,0,65
11761,吳俊毅,False,0,65
11762,林雅婷,False,0,65
11763,林雅婷,False,0,65
11764,陳志明,False,0,65
11765,陳志明,False,0,65
11766,林雅婷,False,0,65
11767,陳志明,False,0,65
11768,陳志明,False,0,65
11769,吳承恩,False,0,65
11770,陳志明,False,0,65
11771,王凤英,False,1,65
11772,陳文彬,False,0,65
11773,陳志明,False,0,65
11774,林雅婷,False,0,65
11775,陳志明,False,0,65
11776,陳志忠,False,0,65
11777,吳俊毅,False,0,65
11778,陳志明,False,0,65
11779,陳志明,False,0,65
11780,林彥廷,False,0,65
11781,陳志明,False,0,65
11782,陳志明,False,0,65
11783,林雅婷,False,0,65
11784,陳志明,False,0,65
11785,吳承恩,False,0,65
11786,吳承恩,False,0,65
11787,陳志明,False,0,65
11788,吳俊毅,False,0,65
11789,王冬梅,False,1,65
11790,林雅婷,False,0,65
11791,陳志明,False,0,65
11792,王凤英,False,1,65
11793,王冬梅,False,1,65
11794,陳志明,False,0,65
11795,陳志忠,False,0,65
11796,李建興,False,0,65
11797,陳志明,False,0,65
11798,吳承恩,False,0,65
11799,陳文彬,False,0,65
11800,王凤英,False,1,65
11801,王凤英,False,1,65
11802,陳志明,False,0,65
11803,陳志忠,False,0,65
11804,林雅婷,False,0,65
11805,吳承恩,False,0,65
11806,李桂荣,False,1,65
11807,吳俊毅,False,0,65
11808,陳志明,False,0,65
11809,陳志明,False,0,65
11810,陳志忠,False,0,65
11811,陳志明,False,0,65
11812,王冬梅,False,1,65
11813,陳志明,False,0,65
11814,陳志明,False,0,65
11815,陳文彬,False,0,65
11816,陳志明,False,0,65
11817,陳志明,False,0,65
11818,李建興,False,0,65
11819,王凤英,False,1,65
11820,陳志明,False,0,65
11821,陳志明,False,0,65
11822,陳志明,False,0,65
11823,陳志忠,False,0,65
11824,陳志忠,False,0,65
11825,陳志明,False,0,65
11826,林彥廷,False,0,65
11827,林雅婷,False,0,65
11828,陳志明,False,0,65
11829,吳承恩,False,0,65
11830,吳承恩,False,0,65
11831,陳文彬,False,0,65
11832,陳志明,False,0,65
11833,王冬梅,False,1,65
11834,王冬梅,False,1,65
11835,吳承恩,False,0,65
11836,陳志明,False,0,65
11837,陳志明,False,0,65
11838,陳志明,False,0,65
11839,林彥廷,False,0,65
11840,陳志明,False,0,65
11841,林彥廷,False,0,65
11842,陳志明,False,0,65
11843,陳志明,False,0,65
11844,王凤英,False,1,65
11845,李建興,False,0,65
11846,王玉珍,False,1,65
11847,陳文彬,False,0,65
11848,吳承恩,False,0,65
11849,吳承恩,False,0,65
11850,陳志忠,False,0,65
11851,陳志明,False,0,65
11852,李建興,False,0,65
11853,王冬梅,False,1,65
11854,吳俊毅,False,0,65
11855,陳志明,False,0,65
11856,陳志明,False,0,65
11857,陳志明,False,0,65
11858,陳怡婷,False,0,65
11859,陳志明,False,0,65
11860,陳志明,False,0,65
11861,陳志明,False,0,65
11862,陳志明,False,0,65
11863,陳志忠,False,0,65
11864,陳志忠,False,0,65
11865,陳志明,False,0,65
11866,陳志忠,False,0,65
11867,吳承恩,False,0,65
11868,陳志忠,False,0,65
11869,林雅婷,False,0,65
11870,陳志明,False,0,65
11871,吳承恩,False,0,65
11872,陳志明,False,0,65
11873,林雅婷,False,0,65
11874,陳文彬,False,0,65
11875,陳志明,False,0,65
11876,陳志明,False,0,65
11877,王冬梅,False,1,65
11878,王玉珍,False,1,65
11879,林雅婷,False,0,65
11880,林俊宏,False,0,66
11881,陳志豪,False,0,66
11882,林俊宏,False,0,66
11883,林俊宏,False,0,66
11884,林雅婷,False,0,66
11885,陳志明,False,0,66
11886,林俊宏,False,0,66
11887,林俊宏,False,0,66
11888,李淑英,False,1,66
11889,林雅婷,False,0,66
11890,林俊宏,False,0,66
11891,林美玉,False,0,66
11892,林俊宏,False,0,66
11893,林俊宏,False,0,66
11894,林俊宏,False,0,66
11895,林俊宏,False,0,66
11896,林雅婷,False,0,66
11897,林俊宏,False,0,66
11898,林俊宏,False,0,66
11899,林雅婷,False,0,66
11900,林俊宏,False,0,66
11901,林雅婷,False,0,66
11902,陳志明,False,0,66
11903,林俊宏,False,0,66
11904,陳志明,False,0,66
11905,林雅婷,False,0,66
11906,林雅婷,False,0,66
11907,林雅婷,False,0,66
11908,林俊宏,False,0,66
11909,林雅婷,False,0,66
11910,林雅婷,False,0,66
11911,李淑英,False,1,66
11912,林俊宏,False,0,66
11913,林俊宏,False,0,66
11914,林俊宏,False,0,66
11915,林俊宏,False,0,66
11916,林俊宏,False,0,66
11917,林俊宏,False,0,66
11918,林俊宏,False,0,66
11919,林雅婷,False,0,66
11920,林雅婷,False,0,66
11921,林雅婷,False,0,66
11922,林俊宏,False,0,66
11923,李桂芳,False,1,66
11924,林俊宏,False,0,66
11925,林俊宏,False,0,66
11926,林雅婷,False,0,66
11927,林俊宏,False,0,66
11928,李淑英,False,1,66
11929,林俊宏,False,0,66
11930,林俊宏,False,0,66
11931,林俊宏,False,0,66
11932,林雅婷,False,0,66
11933,林俊宏,False,0,66
11934,林雅婷,False,0,66
11935,林俊宏,False,0,66
11936,林雅婷,False,0,66
11937,林雅婷,False,0,66
11938,林俊宏,False,0,66
11939,陳志豪,False,0,66
11940,林俊宏,False,0,66
11941,林俊宏,False,0,66
11942,林俊宏,False,0,66
11943,林俊宏,False,0,66
11944,林雅婷,False,0,66
11945,林雅婷,False,0,66
11946,李淑英,False,1,66
11947,陳志豪,False,0,66
11948,林雅婷,False,0,66
11949,林俊宏,False,0,66
11950,林雅婷,False,0,66
11951,林俊宏,False,0,66
11952,林俊宏,False,0,66
11953,林俊宏,False,0,66
11954,王淑芬,False,0,66
11955,陳志豪,False,0,66
11956,林俊宏,False,0,66
11957,林俊宏,False,0,66
11958,陳志豪,False,0,66
11959,林俊宏,False,0,66
11960,林俊宏,False,0,66
11961,林俊宏,False,0,66
11962,林俊宏,False,0,66
11963,林美玉,False,0,66
11964,林雅婷,False,0,66
11965,林俊宏,False,0,66
11966,林俊宏,False,0,66
11967,林俊宏,False,0,66
11968,林俊宏,False,0,66
11969,林俊宏,False,0,66
11970,林俊宏,False,0,66
11971,林俊宏,False,0,66
11972,陳志豪,False,0,66
11973,林雅婷,False,0,66
11974,林俊宏,False,0,66
11975,林俊宏,False,0,66
11976,林雅婷,False,0,66
11977,林美玉,False,0,66
11978,林俊宏,False,0,66
11979,林俊宏,False,0,66
11980,林雅婷,False,0,66
11981,林俊宏,False,0,66
11982,林俊宏,False,0,66
11983,林俊宏,False,0,66
11984,李淑英,False,1,66
11985,林俊宏,False,0,66
11986,陳志明,False,0,66
11987,林俊宏,False,0,66
11988,林俊宏,False,0,66
11989,林俊宏,False,0,66
11990,林俊宏,False,0,66
11991,林雅婷,False,0,66
11992,林俊宏,False,0,66
11993,林俊宏,False,0,66
11994,林雅婷,False,0,66
11995,林俊宏,False,0,66
11996,林美玉,False,0,66
11997,林美玉,False,0,66
11998,林俊宏,False,0,66
11999,林俊宏,False,0,66
12000,林俊宏,False,0,66
12001,林雅婷,False,0,66
12002,林俊宏,False,0,66
12003,林俊宏,False,0,66
12004,林雅婷,False,0,66
12005,林俊宏,False,0,66
12006,李淑英,False,1,66
12007,林俊宏,False,0,66
12008,林俊宏,False,0,66
12009,林俊宏,False,0,66
12010,林俊宏,False,0,66
12011,林雅婷,False,0,66
12012,李桂芳,False,1,66
12013,林俊宏,False,0,66
12014,林俊宏,False,0,66
12015,林俊宏,False,0,66
12016,林俊宏,False,0,66
12017,林俊宏,False,0,66
12018,林俊宏,False,0,66
12019,林雅婷,False,0,66
12020,林雅婷,False,0,66
12021,王淑芬,False,0,66
12022,林雅婷,False,0,66
12023,林美玉,False,0,66
12024,林雅婷,False,0,66
12025,林俊宏,False,0,66
12026,林俊宏,False,0,66
12027,林雅婷,False,0,66
12028,陳志豪,False,0,66
12029,李淑英,False,1,66
12030,林俊宏,False,0,66
12031,林雅婷,False,0,66
12032,林雅婷,False,0,66
12033,林雅婷,False,0,66
12034,林俊宏,False,0,66
12035,林雅婷,False,0,66
12036,林雅婷,False,0,66
12037,林俊宏,False,0,66
12038,王玉华,False,1,66
12039,林俊宏,False,0,66
12040,林雅婷,False,0,66
12041,林俊宏,False,0,66
12042,林俊宏,False,0,66
12043,林俊宏,False,0,66
12044,林雅婷,False,0,66
12045,陳志豪,False,0,66
12046,林俊宏,False,0,66
12047,林俊宏,False,0,66
12048,林俊宏,False,0,66
12049,李淑英,False,1,66
12050,林俊宏,False,0,66
12051,林俊宏,False,0,66
12052,林雅婷,False,0,66
12053,林俊宏,False,0,66
12054,林俊宏,False,0,66
12055,林俊宏,False,0,66
12056,林俊宏,False,0,66
12057,林俊宏,False,0,66
12058,林俊宏,False,0,66
12059,陳志明,False,0,66
12060,李建興,False,0,67
12061,李建興,False,0,67
12062,李建興,False,0,67
12063,林建宏,False,0,67
12064,李春梅,False,1,67
12065,李建興,False,0,67
12066,李建興,False,0,67
12067,李建興,False,0,67
12068,李建興,False,0,67
12069,林秀琴,False,0,67
12070,李建興,False,0,67
12071,李建興,False,0,67
12072,李建興,False,0,67
12073,李建興,False,0,67
12074,李建興,False,0,67
12075,林建宏,False,0,67
12076,李建興,False,0,67
12077,李建興,False,0,67
12078,林建宏,False,0,67
12079,李春梅,False,1,67
12080,李建興,False,0,67
12081,林建宏,False,0,67
12082,李建興,False,0,67
12083,林建宏,False,0,67
12084,李建興,False,0,67
12085,林建宏,False,0,67
12086,陳俊宇,False,0,67
12087,林建宏,False,0,67
12088,李建興,False,0,67
12089,李春梅,False,1,67
12090,陳思穎,False,0,67
12091,林建宏,False,0,67
12092,李建興,False,0,67
12093,李建興,False,0,67
12094,林建宏,False,0,67
12095,李玉兰,False,1,67
12096,李建興,False,0,67
12097,林建宏,False,0,67
12098,李建興,False,0,67
12099,李建興,False,0,67
12100,李建興,False,0,67
12101,李建興,False,0,67
12102,李建興,False,0,67
12103,李建興,False,0,67
12104,李建興,False,0,67
12105,李建興,False,0,67
12106,林建宏,False,0,67
12107,李建興,False,0,67
12108,林建宏,False,0,67
12109,李建興,False,0,67
12110,林建宏,False,0,67
12111,李建興,False,0,67
12112,林建宏,False,0,67
12113,李建興,False,0,67
12114,李建興,False,0,67
12115,林建宏,False,0,67
12116,林建宏,False,0,67
12117,张育誠,True,-1,67
12118,陳思穎,False,0,67
12119,李建興,False,0,67
12120,李建興,False,0,67
12121,李建興,False,0,67
12122,李建興,False,0,67
12123,李建興,False,0,67
12124,李建興,False,0,67
12125,李建興,False,0,67
12126,李建興,False,0,67
12127,林建宏,False,0,67
12128,李建興,False,0,67
12129,李建興,False,0,67
12130,李建興,False,0,67
12131,李建興,False,0,67
12132,李建興,False,0,67
12133,李建興,False,0,67
12134,李建興,False,0,67
12135,林建宏,False,0,67
12136,李建興,False,0,67
12137,李建興,False,0,67
12138,李玉兰,False,1,67
12139,李建興,False,0,67
12140,李建興,False,0,67
12141,林建宏,False,0,67
12142,李建興,False,0,67
12143,李建興,False,0,67
12144,李建興,False,0,67
12145,李建興,False,0,67
12146,李建興,False,0,67
12147,林建宏,False,0,67
12148,李建興,False,0,67
12149,李建興,False,0,67
12150,李建興,False,0,67
12151,李建興,False,0,67
12152,李兰英,False,1,67
12153,李建興,False,0,67
12154,李建興,False,0,67
12155,李建興,False,0,67
12156,李春梅,False,1,67
12157,李建興,False,0,67
12158,李建興,False,0,67
12159,李建興,False,0,67
12160,李建興,False,0,67
12161,李建興,False,0,67
12162,李建興,False,0,67
12163,林建宏,False,0,67
12164,林建宏,False,0,67
12165,李建興,False,0,67
12166,李建興,False,0,67
12167,李建興,False,0,67
12168,林建宏,False,0,67
12169,李建興,False,0,67
12170,李建興,False,0,67
12171,李建興,False,0,67
12172,李春梅,False,1,67
12173,李建興,False,0,67
12174,林建宏,False,0,67
12175,李建興,False,0,67
12176,林建宏,False,0,67
12177,李建興,False,0,67
12178,李建興,False,0,67
12179,李建興,False,0,67
12180,李建興,False,0,67
12181,李兰英,False,1,67
12182,陳思穎,False,0,67
12183,李建興,False,0,67
12184,王秀兰,False,1,67
12185,李春梅,False,1,67
12186,林建宏,False,0,67
12187,李建興,False,0,67
12188,林建宏,False,0,67
12189,李建興,False,0,67
12190,林建宏,False,0,67
12191,李建興,False,0,67
12192,李建興,False,0,67
12193,李玉兰,False,1,67
12194,林建宏,False,0,67
12195,李建興,False,0,67
12196,林建宏,False,0,67
12197,李建興,False,0,67
12198,林建宏,False,0,67
12199,李玉兰,False,1,67
12200,李建興,False,0,67
12201,李建興,False,0,67
12202,林建宏,False,0,67
12203,李建興,False,0,67
12204,李建興,False,0,67
12205,林建宏,False,0,67
12206,李建興,False,0,67
12207,陳思穎,False,0,67
12208,李建興,False,0,67
12209,李建興,False,0,67
12210,李建興,False,0,67
12211,李建興,False,0,67
12212,李建興,False,0,67
12213,李兰英,False,1,67
12214,李建興,False,0,67
12215,王怡婷,False,0,67
12216,李建興,False,0,67
12217,李建興,False,0,67
12218,李建興,False,0,67
12219,李建興,False,0,67
12220,李建興,False,0,67
12221,李建興,False,0,67
12222,李建興,False,0,67
12223,林建宏,False,0,67
12224,李建興,False,0,67
12225,李建興,False,0,67
12226,李玉兰,False,1,67
12227,李建興,False,0,67
12228,吳俊賢,False,0,67
12229,李建興,False,0,67
12230,李建興,False,0,67
12231,吳俊賢,False,0,67
12232,李建興,False,0,67
12233,李建興,False,0,67
12234,李建興,False,0,67
12235,李建興,False,0,67
12236,林建宏,False,0,67
12237,李建興,False,0,67
12238,李建興,False,0,67
12239,李建興,False,0,67
12240,李红梅,False,1,68
12241,李建興,False,0,68
12242,楊宗翰,False,0,68
12243,李建興,False,0,68
12244,李建興,False,0,68
12245,林建成,False,0,68
12246,李红梅,False,1,68
12247,李建興,False,0,68
12248,李建興,False,0,68
12249,林欣怡,False,0,68
12250,李建興,False,0,68
12251,李建興,False,0,68
12252,李红梅,False,1,68
12253,李建興,False,0,68
12254,李秀英,False,1,68
12255,李建興,False,0,68
12256,李建興,False,0,68
12257,李红梅,False,1,68
12258,李建興,False,0,68
12259,李秀英,False,1,68
12260,李建興,False,0,68
12261,李建興,False,0,68
12262,李秀英,False,1,68
12263,李红梅,False,1,68
12264,李秀英,False,1,68
12265,李秀英,False,1,68
12266,李秀英,False,1,68
12267,李秀英,False,1,68
12268,李建興,False,0,68
12269,李建興,False,0,68
12270,李建興,False,0,68
12271,林建成,False,0,68
12272,李建興,False,0,68
12273,林建成,False,0,68
12274,李建興,False,0,68
12275,林欣怡,False,0,68
12276,李建興,False,0,68
12277,李雪梅,False,1,68
12278,林建成,False,0,68
12279,林建成,False,0,68
12280,林建成,False,0,68
12281,李建興,False,0,68
12282,李红梅,False,1,68
12283,李建興,False,0,68
12284,李建興,False,0,68
12285,李建興,False,0,68
12286,李建興,False,0,68
12287,李建興,False,0,68
12288,林建成,False,0,68
12289,林建成,False,0,68
12290,李红梅,False,1,68
12291,李建興,False,0,68
12292,李红梅,False,1,68
12293,李建興,False,0,68
12294,李秀英,False,1,68
12295,李建興,False,0,68
12296,李建興,False,0,68
12297,李秀英,False,1,68
12298,李建興,False,0,68
12299,李建興,False,0,68
12300,林建成,False,0,68
12301,李建興,False,0,68
12302,李建興,False,0,68
12303,林建成,False,0,68
12304,林淑貞,False,0,68
12305,李秀英,False,1,68
12306,李建興,False,0,68
12307,林淑貞,False,0,68
12308,李建興,False,0,68
12309,李建興,False,0,68
12310,林建成,False,0,68
12311,李建興,False,0,68
12312,李建興,False,0,68
12313,李秀英,False,1,68
12314,李建興,False,0,68
12315,林建成,False,0,68
12316,李建興,False,0,68
12317,李建興,False,0,68
12318,林欣怡,False,0,68
12319,李建興,False,0,68
12320,李桂香,False,1,68
12321,林欣怡,False,0,68
12322,李建興,False,0,68
12323,李秀英,False,1,68
12324,李建興,False,0,68
12325,李红梅,False,1,68
12326,李建興,False,0,68
12327,李建興,False,0,68
12328,李秀英,False,1,68
12329,李建興,False,0,68
12330,李建興,False,0,68
12331,李建興,False,0,68
12332,林建成,False,0,68
12333,林建成,False,0,68
12334,李建興,False,0,68
12335,李建興,False,0,68
12336,李建興,False,0,68
12337,李建興,False,0,68
12338,李建興,False,0,68
12339,李建興,False,0,68
12340,林建成,False,0,68
12341,李建興,False,0,68
12342,李建興,False,0,68
12343,李建興,False,0,68
12344,李秀英,False,1,68
12345,李秀英,False,1,68
12346,李红梅,False,1,68
12347,李建興,False,0,68
12348,林建成,False,0,68
12349,林建成,False,0,68
12350,李建興,False,0,68
12351,李建興,False,0,68
12352,李建興,False,0,68
12353,李红梅,False,1,68
12354,林淑貞,False,0,68
12355,李建興,False,0,68
12356,林建成,False,0,68
12357,李建興,False,0,68
12358,李建興,False,0,68
12359,李建興,False,0,68
12360,李建興,False,0,68
12361,李建興,False,0,68
12362,林建成,False,0,68
12363,李建興,False,0,68
12364,李建興,False,0,68
12365,李秀英,False,1,68
12366,李建興,False,0,68
12367,李建興,False,0,68
12368,李建興,False,0,68
12369,李秀英,False,1,68
12370,李桂香,False,1,68
12371,李建興,False,0,68
12372,李红梅,False,1,68
12373,林建成,False,0,68
12374,楊宗翰,False,0,68
12375,李建興,False,0,68
12376,李建興,False,0,68
12377,李建興,False,0,68
12378,李秀英,False,1,68
12379,李建興,False,0,68
12380,李建興,False,0,68
12381,李建興,False,0,68
12382,李建興,False,0,68
12383,李建興,False,0,68
12384,李建興,False,0,68
12385,李建興,False,0,68
12386,李建興,False,0,68
12387,林建成,False,0,68
12388,李秀英,False,1,68
12389,李建興,False,0,68
12390,李建興,False,0,68
12391,林建成,False,0,68
12392,李秀英,False,1,68
12393,李建興,False,0,68
12394,林淑貞,False,0,68
12395,李秀英,False,1,68
12396,林淑貞,False,0,68
12397,李秀英,False,1,68
12398,林建成,False,0,68
12399,李建興,False,0,68
12400,李建興,False,0,68
12401,李建興,False,0,68
12402,李秀英,False,1,68
12403,李建興,False,0,68
12404,李秀英,False,1,68
12405,李建興,False,0,68
12406,李建興,False,0,68
12407,李秀英,False,1,68
12408,李建興,False,0,68
12409,李建興,False,0,68
12410,李建興,False,0,68
12411,李建興,False,0,68
12412,林建成,False,0,68
12413,李红梅,False,1,68
12414,李建興,False,0,68
12415,李建興,False,0,68
12416,李建興,False,0,68
12417,李建興,False,0,68
12418,李建興,False,0,68
12419,李建興,False,0,68
12420,王俊傑,False,0,69
12421,王俊傑,False,0,69
12422,王秀云,False,1,69
12423,陳冠宇,False,0,69
12424,王俊傑,False,0,69
12425,王俊傑,False,0,69
12426,陳志成,False,0,69
12427,陳俊豪,False,0,69
12428,王俊傑,False,0,69
12429,陳志成,False,0,69
12430,王俊傑,False,0,69
12431,王俊傑,False,0,69
12432,陳俊豪,False,0,69
12433,王秀云,False,1,69
12434,王俊傑,False,0,69
12435,陳冠宇,False,0,69
12436,陳冠宇,False,0,69
12437,王俊傑,False,0,69
12438,王俊傑,False,0,69
12439,王秀云,False,1,69
12440,王秀云,False,1,69
12441,陳志成,False,0,69
12442,李佳蓉,False,0,69
12443,王俊傑,False,0,69
12444,陳志成,False,0,69
12445,陳志成,False,0,69
12446,王俊傑,False,0,69
12447,陳志成,False,0,69
12448,陳志成,False,0,69
12449,陳彥廷,False,0,69
12450,王俊傑,False,0,69
12451,陳志成,False,0,69
12452,李玉华,False,1,69
12453,王秀云,False,1,69
12454,王俊傑,False,0,69
12455,王俊傑,False,0,69
12456,李玉华,False,1,69
12457,王俊傑,False,0,69
12458,王俊傑,False,0,69
12459,王俊傑,False,0,69
12460,王秀云,False,1,69
12461,陳彥廷,False,0,69
12462,陳志成,False,0,69
12463,王俊傑,False,0,69
12464,陳志成,False,0,69
12465,王秀云,False,1,69
12466,陳志成,False,0,69
12467,陳俊豪,False,0,69
12468,王俊傑,False,0,69
12469,陳俊豪,False,0,69
12470,王俊傑,False,0,69
12471,王俊傑,False,0,69
12472,陳俊豪,False,0,69
12473,陳彥廷,False,0,69
12474,王秀云,False,1,69
12475,王俊傑,False,0,69
12476,王俊傑,False,0,69
12477,王俊傑,False,0,69
12478,王俊傑,False,0,69
12479,王俊傑,False,0,69
12480,王俊傑,False,0,69
12481,王俊傑,False,0,69
12482,陳志成,False,0,69
12483,陳俊豪,False,0,69
12484,王俊傑,False,0,69
12485,陳志成,False,0,69
12486,王俊傑,False,0,69
12487,陳志成,False,0,69
12488,王俊傑,False,0,69
12489,王俊傑,False,0,69
12490,王俊傑,False,0,69
12491,王俊傑,False,0,69
12492,陳志成,False,0,69
12493,陳志成,False,0,69
12494,陳彥廷,False,0,69
12495,王俊傑,False,0,69
12496,陳冠宇,False,0,69
12497,王俊傑,False,0,69
12498,王俊傑,False,0,69
12499,陳志成,False,0,69
12500,陳志成,False,0,69
12501,王俊傑,False,0,69
12502,王秀云,False,1,69
12503,王俊傑,False,0,69
12504,王俊傑,False,0,69
12505,王俊傑,False,0,69
12506,陳志成,False,0,69
12507,陳美珠,False,0,69
12508,王俊傑,False,0,69
12509,王俊傑,False,0,69
12510,陳志成,False,0,69
12511,王俊傑,False,0,69
12512,王俊傑,False,0,69
12513,陳志成,False,0,69
12514,王俊傑,False,0,69
12515,王俊傑,False,0,69
12516,王俊傑,False,0,69
12517,王俊傑,False,0,69
12518,陳志成,False,0,69
12519,陳志成,False,0,69
12520,王俊傑,False,0,69
12521,王俊傑,False,0,69
12522,陳俊豪,False,0,69
12523,王俊傑,False,0,69
12524,陳冠宇,False,0,69
12525,陳冠宇,False,0,69
12526,王俊傑,False,0,69
12527,陳俊豪,False,0,69
12528,李佳蓉,False,0,69
12529,王俊傑,False,0,69
12530,王俊傑,False,0,69
12531,王俊傑,False,0,69
12532,陳志成,False,0,69
12533,王俊傑,False,0,69
12534,王俊傑,False,0,69
12535,王俊傑,False,0,69
12536,陳志成,False,0,69
12537,王俊傑,False,0,69
12538,陳俊豪,False,0,69
12539,王俊傑,False,0,69
12540,陳志成,False,0,69
12541,王俊傑,False,0,69
12542,王秀云,False,1,69
12543,王俊傑,False,0,69
12544,王俊傑,False,0,69
12545,王俊傑,False,0,69
12546,陳彥廷,False,0,69
12547,王俊傑,False,0,69
12548,王俊傑,False,0,69
12549,王俊傑,False,0,69
12550,王俊傑,False,0,69
12551,王俊傑,False,0,69
12552,陳志成,False,0,69
12553,陳俊豪,False,0,69
12554,陳俊豪,False,0,69
12555,王俊傑,False,0,69
12556,陳俊豪,False,0,69
12557,王俊傑,False,0,69
12558,陳志成,False,0,69
12559,陳冠宇,False,0,69
12560,王俊傑,False,0,69
12561,陳志成,False,0,69
12562,陳美珠,False,0,69
12563,王俊傑,False,0,69
12564,李玉华,False,1,69
12565,陳俊豪,False,0,69
12566,陳志成,False,0,69
12567,王俊傑,False,0,69
12568,王俊傑,False,0,69
12569,王俊傑,False,0,69
12570,陳俊豪,False,0,69
12571,陳志成,False,0,69
12572,陳冠宇,False,0,69
12573,王俊傑,False,0,69
12574,王俊傑,False,0,69
12575,陳冠宇,False,0,69
12576,陳俊豪,False,0,69
12577,陳志成,False,0,69
12578,王俊傑,False,0,69
12579,王春梅,False,1,69
12580,王俊傑,False,0,69
12581,陳冠宇,False,0,69
12582,陳冠宇,False,0,69
12583,王俊傑,False,0,69
12584,王俊傑,False,0,69
12585,陳俊豪,False,0,69
12586,王俊傑,False,0,69
12587,王俊傑,False,0,69
12588,王俊傑,False,0,69
12589,王俊傑,False,0,69
12590,陳冠宇,False,0,69
12591,陳志成,False,0,69
12592,陳俊豪,False,0,69
12593,王俊傑,False,0,69
12594,王俊傑,False,0,69
12595,王俊傑,False,0,69
12596,王俊傑,False,0,69
12597,王俊傑,False,0,69
12598,王俊傑,False,0,69
12599,王俊傑,False,0,69
12600,王淑芬,False,0,70
12601,陳俊豪,False,0,70
12602,王丽华,False,1,70
12603,陳俊豪,False,0,70
12604,王玉兰,False,1,70
12605,陳昱安,False,0,70
12606,王丽华,False,1,70
12607,陳俊豪,False,0,70
12608,陳俊豪,False,0,70
12609,陳俊豪,False,0,70
12610,陳昱安,False,0,70
12611,陳昱安,False,0,70
12612,陳俊豪,False,0,70
12613,王玉兰,False,1,70
12614,陳俊豪,False,0,70
12615,王淑芬,False,0,70
12616,陳俊豪,False,0,70
12617,陳俊豪,False,0,70
12618,陳昱安,False,0,70
12619,王淑芬,False,0,70
12620,陳俊豪,False,0,70
12621,陳昱安,False,0,70
12622,陳昱安,False,0,70
12623,李秀兰,False,1,70
12624,陳昱安,False,0,70
12625,陳怡君,False,0,70
12626,陳俊銘,False,0,70
12627,陳俊豪,False,0,70
12628,陳俊豪,False,0,70
12629,陳俊豪,False,0,70
12630,陳俊豪,False,0,70
12631,陳俊銘,False,0,70
12632,陳俊豪,False,0,70
12633,陳昱安,False,0,70
12634,王丽华,False,1,70
12635,陳俊豪,False,0,70
12636,陳俊豪,False,0,70
12637,陳俊銘,False,0,70
12638,陳俊豪,False,0,70
12639,陳昱安,False,0,70
12640,陳昱安,False,0,70
12641,陳昱安,False,0,70
12642,陳昱安,False,0,70
12643,王丽华,False,1,70
12644,陳俊豪,False,0,70
12645,陳俊豪,False,0,70
12646,陳昱安,False,0,70
12647,陳俊豪,False,0,70
12648,陳昱安,False,0,70
12649,陳俊豪,False,0,70
12650,陳俊豪,False,0,70
12651,李秀兰,False,1,70
12652,陳俊豪,False,0,70
12653,陳俊豪,False,0,70
12654,陳昱安,False,0,70
12655,王淑芬,False,0,70
12656,陳俊豪,False,0,70
12657,陳俊銘,False,0,70
12658,陳俊豪,False,0,70
12659,陳俊銘,False,0,70
12660,陳昱安,False,0,70
12661,陳昱安,False,0,70
12662,陳俊銘,False,0,70
12663,陳俊豪,False,0,70
12664,陳俊豪,False,0,70
12665,李秀兰,False,1,70
12666,陳俊豪,False,0,70
12667,王丽华,False,1,70
12668,陳俊豪,False,0,70
12669,陳昱安,False,0,70
12670,陳昱安,False,0,70
12671,陳俊豪,False,0,70
12672,王淑芬,False,0,70
12673,陳俊豪,False,0,70
12674,陳俊豪,False,0,70
12675,陳俊豪,False,0,70
12676,陳怡君,False,0,70
12677,陳俊豪,False,0,70
12678,陳俊豪,False,0,70
12679,王玉兰,False,1,70
12680,陳俊豪,False,0,70
12681,陳俊豪,False,0,70
12682,陳俊豪,False,0,70
12683,陳昱安,False,0,70
12684,陳俊豪,False,0,70
12685,李秀兰,False,1,70
12686,李秀兰,False,1,70
12687,王丽华,False,1,70
12688,李秀兰,False,1,70
12689,陳俊豪,False,0,70
12690,陳俊豪,False,0,70
12691,李秀芳,False,1,70
12692,陳昱安,False,0,70
12693,陳俊銘,False,0,70
12694,李秀兰,False,1,70
12695,王丽华,False,1,70
12696,陳俊銘,False,0,70
12697,陳昱安,False,0,70
12698,陳俊豪,False,0,70
12699,陳俊豪,False,0,70
12700,陳昱安,False,0,70
12701,陳俊豪,False,0,70
12702,陳俊豪,False,0,70
12703,陳俊豪,False,0,70
12704,陳俊銘,False,0,70
12705,陳俊銘,False,0,70
12706,陳俊豪,False,0,70
12707,陳俊豪,False,0,70
12708,李桂芝,False,1,70
12709,陳昱安,False,0,70
12710,陳俊豪,False,0,70
12711,陳昱安,False,0,70
12712,李秀兰,False,1,70
12713,王丽华,False,1,70
12714,陳昱安,False,0,70
12715,陳昱安,False,0,70
12716,陳俊豪,False,0,70
12717,李秀兰,False,1,70
12718,陳俊銘,False,0,70
12719,陳俊豪,False,0,70
12720,陳俊豪,False,0,70
12721,陳俊豪,False,0,70
12722,陳昱安,False,0,70
12723,陳俊豪,False,0,70
12724,陳俊銘,False,0,70
12725,陳俊豪,False,0,70
12726,陳俊豪,False,0,70
12727,陳俊豪,False,0,70
12728,陳俊豪,False,0,70
12729,陳俊豪,False,0,70
12730,陳怡君,False,0,70
12731,陳俊豪,False,0,70
12732,李秀兰,False,1,70
12733,陳俊銘,False,0,70
12734,陳俊銘,False,0,70
12735,李秀兰,False,1,70
12736,陳俊豪,False,0,70
12737,陳昱安,False,0,70
12738,王淑芬,False,0,70
12739,陳俊銘,False,0,70
12740,王淑芬,False,0,70
12741,陳俊豪,False,0,70
12742,陳俊豪,False,0,70
12743,陳昱安,False,0,70
12744,陳俊豪,False,0,70
12745,陳俊豪,False,0,70
12746,李秀芳,False,1,70
12747,李秀兰,False,1,70
12748,陳怡君,False,0,70
12749,王丽华,False,1,70
12750,陳俊豪,False,0,70
12751,李秀兰,False,1,70
12752,陳俊銘,False,0,70
12753,陳昱安,False,0,70
12754,陳俊豪,False,0,70
12755,陳俊豪,False,0,70
12756,李秀兰,False,1,70
12757,陳俊豪,False,0,70
12758,李秀兰,False,1,70
12759,陳俊豪,False,0,70
12760,陳俊豪,False,0,70
12761,陳俊豪,False,0,70
12762,陳俊豪,False,0,70
12763,陳昱安,False,0,70
12764,陳昱安,False,0,70
12765,陳俊銘,False,0,70
12766,陳俊豪,False,0,70
12767,陳俊銘,False,0,70
12768,陳俊豪,False,0,70
12769,陳俊豪,False,0,70
12770,陳俊豪,False,0,70
12771,陳昱安,False,0,70
12772,陳昱安,False,0,70
12773,陳昱安,False,0,70
12774,陳俊豪,False,0,70
12775,陳俊豪,False,0,70
12776,李秀兰,False,1,70
12777,陳俊豪,False,0,70
12778,陳俊豪,False,0,70
12779,李秀芳,False,1,70
12780,李俊毅,False,0,71
12781,李俊毅,False,0,71
12782,張家豪,False,0,71
12783,李俊毅,False,0,71
12784,张秀芳,False,1,71
12785,李俊毅,False,0,71
12786,李俊毅,False,0,71
12787,李淑英,False,1,71
12788,张建国,False,1,71
12789,李淑英,False,1,71
12790,张建国,False,1,71
12791,李俊毅,False,0,71
12792,张建国,False,1,71
12793,李俊毅,False,0,71
12794,林雅婷,False,0,71
12795,李俊毅,False,0,71
12796,李俊毅,False,0,71
12797,李俊毅,False,0,71
12798,李俊毅,False,0,71
12799,李俊毅,False,0,71
12800,李俊毅,False,0,71
12801,张建国,False,1,71
12802,李俊毅,False,0,71
12803,张建国,False,1,71
12804,李淑英,False,1,71
12805,张建国,False,1,71
12806,李俊毅,False,0,71
12807,李淑英,False,1,71
12808,张建国,False,1,71
12809,李俊毅,False,0,71
12810,李俊毅,False,0,71
12811,張凱翔,False,0,71
12812,张建国,False,1,71
12813,李俊毅,False,0,71
12814,李俊毅,False,0,71
12815,李俊毅,False,0,71
12816,李淑英,False,1,71
12817,張凱翔,False,0,71
12818,李俊毅,False,0,71
12819,李俊毅,False,0,71
12820,张家豪,True,-1,71
12821,李俊毅,False,0,71
12822,李俊毅,False,0,71
12823,张建国,False,1,71
12824,李俊毅,False,0,71
12825,林雅婷,False,0,71
12826,李俊毅,False,0,71
12827,李俊毅,False,0,71
12828,李俊毅,False,0,71
12829,李俊毅,False,0,71
12830,李俊毅,False,0,71
12831,李俊毅,False,0,71
12832,李凤英,False,1,71
12833,李淑英,False,1,71
12834,张建国,False,1,71
12835,李俊毅,False,0,71
12836,李俊毅,False,0,71
12837,張凱翔,False,0,71
12838,李俊毅,False,0,71
12839,李俊毅,False,0,71
12840,李俊毅,False,0,71
12841,张建国,False,1,71
12842,李淑英,False,1,71
12843,李俊毅,False,0,71
12844,张建国,False,1,71
12845,李俊毅,False,0,71
12846,李俊毅,False,0,71
12847,李俊毅,False,0,71
12848,李俊毅,False,0,71
12849,李俊毅,False,0,71
12850,李俊毅,False,0,71
12851,张建国,False,1,71
12852,李俊毅,False,0,71
12853,张建国,False,1,71
12854,张建国,False,1,71
12855,李俊毅,False,0,71
12856,李俊毅,False,0,71
12857,张建国,False,1,71
12858,李俊毅,False,0,71
12859,张建国,False,1,71
12860,李桂花,False,1,71
12861,李俊毅,False,0,71
12862,李俊毅,False,0,71
12863,张建国,False,1,71
12864,张建国,False,1,71
12865,李俊毅,False,0,71
12866,李淑英,False,1,71
12867,李俊毅,False,0,71
12868,李俊毅,False,0,71
12869,李俊毅,False,0,71
12870,李俊毅,False,0,71
12871,李俊毅,False,0,71
12872,李俊毅,False,0,71
12873,李俊毅,False,0,71
12874,李俊毅,False,0,71
12875,李淑英,False,1,71
12876,张建国,False,1,71
12877,李俊毅,False,0,71
12878,李俊毅,False,0,71
12879,张建国,False,1,71
12880,李俊毅,False,0,71
12881,李淑英,False,1,71
12882,张建国,False,1,71
12883,李淑英,False,1,71
12884,李俊毅,False,0,71
12885,李俊毅,False,0,71
12886,李俊毅,False,0,71
12887,张建国,False,1,71
12888,張凱翔,False,0,71
12889,李俊毅,False,0,71
12890,林雅婷,False,0,71
12891,李俊毅,False,0,71
12892,张建国,False,1,71
12893,李俊毅,False,0,71
12894,张建国,False,1,71
12895,李俊毅,False,0,71
12896,张建国,False,1,71
12897,张建国,False,1,71
12898,李俊毅,False,0,71
12899,张建国,False,1,71
12900,林秀美,False,0,71
12901,李俊毅,False,0,71
12902,李俊毅,False,0,71
12903,李俊毅,False,0,71
12904,李俊毅,False,0,71
12905,张建国,False,1,71
12906,李俊毅,False,0,71
12907,李俊毅,False,0,71
12908,李俊毅,False,0,71
12909,李俊毅,False,0,71
12910,李俊毅,False,0,71
12911,李淑英,False,1,71
12912,李俊毅,False,0,71
12913,李俊毅,False,0,71
12914,张建国,False,1,71
12915,李俊毅,False,0,71
12916,李俊毅,False,0,71
12917,张建国,False,1,71
12918,李淑英,False,1,71
12919,李俊毅,False,0,71
12920,李俊毅,False,0,71
12921,李俊毅,False,0,71
12922,李俊毅,False,0,71
12923,张建国,False,1,71
12924,张建国,False,1,71
12925,李俊毅,False,0,71
12926,李俊毅,False,0,71
12927,张建国,False,1,71
12928,李俊毅,False,0,71
12929,张建国,False,1,71
12930,李淑英,False,1,71
12931,张建国,False,1,71
12932,李淑英,False,1,71
12933,李淑英,False,1,71
12934,李俊毅,False,0,71
12935,李凤英,False,1,71
12936,张建国,False,1,71
12937,李俊毅,False,0,71
12938,李俊毅,False,0,71
12939,张建国,False,1,71
12940,张建国,False,1,71
12941,李俊毅,False,0,71
12942,李淑英,False,1,71
12943,李俊毅,False,0,71
12944,李俊毅,False,0,71
12945,李俊毅,False,0,71
12946,李俊毅,False,0,71
12947,李俊毅,False,0,71
12948,张建国,False,1,71
12949,李俊毅,False,0,71
12950,李俊毅,False,0,71
12951,李俊毅,False,0,71
12952,李俊毅,False,0,71
12953,李俊毅,False,0,71
12954,林雅婷,False,0,71
12955,李俊毅,False,0,71
12956,李俊毅,False,0,71
12957,李俊毅,False,0,71
12958,李淑英,False,1,71
12959,李俊毅,False,0,71
12960,李俊毅,False,0,72
12961,李俊毅,False,0,72
12962,李俊毅,False,0,72
12963,李俊毅,False,0,72
12964,林建志,False,0,72
12965,李俊毅,False,0,72
12966,李秀梅,False,1,72
12967,李俊毅,False,0,72
12968,李俊毅,False,0,72
12969,李俊毅,False,0,72
12970,李俊毅,False,0,72
12971,李秀梅,False,1,72
12972,李俊毅,False,0,72
12973,李秀梅,False,1,72
12974,李秀梅,False,1,72
12975,李俊毅,False,0,72
12976,李秀梅,False,1,72
12977,李俊毅,False,0,72
12978,李秀梅,False,1,72
12979,李俊毅,False,0,72
12980,李秀梅,False,1,72
12981,李俊毅,False,0,72
12982,李俊毅,False,0,72
12983,陳志偉,False,0,72
12984,李俊毅,False,0,72
12985,林建志,False,0,72
12986,李秀梅,False,1,72
12987,李俊毅,False,0,72
12988,李秀梅,False,1,72
12989,李秀梅,False,1,72
12990,李俊毅,False,0,72
12991,李俊毅,False,0,72
12992,陳志偉,False,0,72
12993,李俊毅,False,0,72
12994,李俊毅,False,0,72
12995,李秀梅,False,1,72
12996,李秀梅,False,1,72
12997,李玉华,False,1,72
12998,李秀梅,False,1,72
12999,李俊毅,False,0,72
13000,林彥廷,False,0,72
13001,林建志,False,0,72
13002,李秀梅,False,1,72
13003,李秀梅,False,1,72
13004,李丹丹,False,1,72
13005,李俊毅,False,0,72
13006,李丹丹,False,1,72
13007,李秀梅,False,1,72
13008,李秀梅,False,1,72
13009,李秀梅,False,1,72
13010,李俊毅,False,0,72
13011,李俊毅,False,0,72
13012,林建志,False,0,72
13013,李俊毅,False,0,72
13014,林建志,False,0,72
13015,李俊毅,False,0,72
13016,林建志,False,0,72
13017,李俊毅,False,0,72
13018,李俊毅,False,0,72
13019,李俊毅,False,0,72
13020,李俊毅,False,0,72
13021,李俊毅,False,0,72
13022,李俊毅,False,0,72
13023,李俊毅,False,0,72
13024,李秀梅,False,1,72
13025,李俊毅,False,0,72
13026,李俊毅,False,0,72
13027,李秀梅,False,1,72
13028,李俊毅,False,0,72
13029,林建志,False,0,72
13030,李俊毅,False,0,72
13031,李俊毅,False,0,72
13032,李俊毅,False,0,72
13033,李丹丹,False,1,72
13034,李俊毅,False,0,72
13035,李俊毅,False,0,72
13036,李玉华,False,1,72
13037,李俊毅,False,0,72
13038,李俊毅,False,0,72
13039,林彥廷,False,0,72
13040,李俊毅,False,0,72
13041,陳志偉,False,0,72
13042,李俊毅,False,0,72
13043,李秀梅,False,1,72
13044,李秀梅,False,1,72
13045,李秀梅,False,1,72
13046,林彥廷,False,0,72
13047,李俊毅,False,0,72
13048,李俊毅,False,0,72
13049,陳志偉,False,0,72
13050,李秀梅,False,1,72
13051,李俊毅,False,0,72
13052,李丹丹,False,1,72
13053,陳志偉,False,0,72
13054,李俊毅,False,0,72
13055,李俊毅,False,0,72
13056,李俊毅,False,0,72
13057,李秀梅,False,1,72
13058,李俊毅,False,0,72
13059,李俊毅,False,0,72
13060,李俊毅,False,0,72
13061,李俊毅,False,0,72
13062,李俊毅,False,0,72
13063,李俊毅,False,0,72
13064,李俊毅,False,0,72
13065,李俊毅,False,0,72
13066,李丹丹,False,1,72
13067,李俊毅,False,0,72
13068,林建志,False,0,72
13069,李丹丹,False,1,72
13070,李俊毅,False,0,72
13071,李俊毅,False,0,72
13072,李俊毅,False,0,72
13073,李俊毅,False,0,72
13074,李俊毅,False,0,72
13075,李秀梅,False,1,72
13076,李秀梅,False,1,72
13077,李俊毅,False,0,72
13078,李俊毅,False,0,72
13079,李俊毅,False,0,72
13080,李丹丹,False,1,72
13081,李秀梅,False,1,72
13082,李俊毅,False,0,72
13083,李俊毅,False,0,72
13084,李秀梅,False,1,72
13085,李俊毅,False,0,72
13086,李俊毅,False,0,72
13087,李俊毅,False,0,72
13088,李丹丹,False,1,72
13089,陳柏霖,False,0,72
13090,李秀梅,False,1,72
13091,李俊毅,False,0,72
13092,李俊毅,False,0,72
13093,陳美雲,False,0,72
13094,李俊毅,False,0,72
13095,李俊毅,False,0,72
13096,陳志偉,False,0,72
13097,李俊毅,False,0,72
13098,李秀梅,False,1,72
13099,李秀梅,False,1,72
13100,李俊毅,False,0,72
13101,李秀梅,False,1,72
13102,陳志偉,False,0,72
13103,李俊毅,False,0,72
13104,李秀梅,False,1,72
13105,李俊毅,False,0,72
13106,李俊毅,False,0,72
13107,李俊毅,False,0,72
13108,李秀梅,False,1,72
13109,李俊毅,False,0,72
13110,李俊毅,False,0,72
13111,李丹丹,False,1,72
13112,李秀梅,False,1,72
13113,李秀梅,False,1,72
13114,林建志,False,0,72
13115,李俊毅,False,0,72
13116,李俊毅,False,0,72
13117,李秀梅,False,1,72
13118,李俊毅,False,0,72
13119,陳志偉,False,0,72
13120,李丹丹,False,1,72
13121,李俊毅,False,0,72
13122,李俊毅,False,0,72
13123,李丹丹,False,1,72
13124,李俊毅,False,0,72
13125,李秀梅,False,1,72
13126,李秀梅,False,1,72
13127,李俊毅,False,0,72
13128,陳志偉,False,0,72
13129,李秀梅,False,1,72
13130,李秀梅,False,1,72
13131,李俊毅,False,0,72
13132,李凤英,False,1,72
13133,李俊毅,False,0,72
13134,李俊毅,False,0,72
13135,李桂芳,False,1,72
13136,李俊毅,False,0,72
13137,李俊毅,False,0,72
13138,李秀梅,False,1,72
13139,李俊毅,False,0,72
13140,林正雄,False,0,73
13141,王建华,False,1,73
13142,林正雄,False,0,73
13143,王志强,False,1,73
13144,林正雄,False,0,73
13145,林正雄,False,0,73
13146,林建志,False,0,73
13147,林宜蓁,False,0,73
13148,王志强,False,1,73
13149,林建志,False,0,73
13150,林建志,False,0,73
13151,林建志,False,0,73
13152,王志强,False,1,73
13153,林建志,False,0,73
13154,王建华,False,1,73
13155,林淑華,False,0,73
13156,林建志,False,0,73
13157,王志强,False,1,73
13158,林建志,False,0,73
13159,王建华,False,1,73
13160,林建志,False,0,73
13161,林正雄,False,0,73
13162,林建志,False,0,73
13163,林建志,False,0,73
13164,林正雄,False,0,73
13165,林建志,False,0,73
13166,王志强,False,1,73
13167,林建志,False,0,73
13168,林建志,False,0,73
13169,王志强,False,1,73
13170,林建志,False,0,73
13171,林建志,False,0,73
13172,林建志,False,0,73
13173,林建志,False,0,73
13174,林建志,False,0,73
13175,林宜蓁,False,0,73
13176,林建志,False,0,73
13177,林淑華,False,0,73
13178,林正雄,False,0,73
13179,林正雄,False,0,73
13180,林建志,False,0,73
13181,林建志,False,0,73
13182,林淑華,False,0,73
13183,林正雄,False,0,73
13184,林正雄,False,0,73
13185,林宜蓁,False,0,73
13186,林建志,False,0,73
13187,王建华,False,1,73
13188,林建志,False,0,73
13189,王建华,False,1,73
13190,林正雄,False,0,73
13191,林淑華,False,0,73
13192,林正雄,False,0,73
13193,林建志,False,0,73
13194,林宜蓁,False,0,73
13195,林宜蓁,False,0,73
13196,王建华,False,1,73
13197,林建志,False,0,73
13198,林建志,False,0,73
13199,王志强,False,1,73
13200,王建华,False,1,73
13201,王志强,False,1,73
13202,林建志,False,0,73
13203,林淑華,False,0,73
13204,李建军,False,1,73
13205,王建华,False,1,73
13206,林宜蓁,False,0,73
13207,王建华,False,1,73
13208,王志强,False,1,73
13209,林宜蓁,False,0,73
13210,林正雄,False,0,73
13211,王建华,False,1,73
13212,林建志,False,0,73
13213,林正雄,False,0,73
13214,林建志,False,0,73
13215,林建志,False,0,73
13216,林建志,False,0,73
13217,林建志,False,0,73
13218,林建志,False,0,73
13219,林淑華,False,0,73
13220,林正雄,False,0,73
13221,林正雄,False,0,73
13222,林建志,False,0,73
13223,林建志,False,0,73
13224,王建华,False,1,73
13225,林建志,False,0,73
13226,林建志,False,0,73
13227,林建志,False,0,73
13228,林建志,False,0,73
13229,林正雄,False,0,73
13230,林正雄,False,0,73
13231,林正雄,False,0,73
13232,林建志,False,0,73
13233,林建志,False,0,73
13234,林建志,False,0,73
13235,王志强,False,1,73
13236,林淑華,False,0,73
13237,林正雄,False,0,73
13238,林淑華,False,0,73
13239,林正雄,False,0,73
13240,林正雄,False,0,73
13241,林建志,False,0,73
13242,林正雄,False,0,73
13243,王志强,False,1,73
13244,林建志,False,0,73
13245,林建志,False,0,73
13246,林建志,False,0,73
13247,林建志,False,0,73
13248,林正雄,False,0,73
13249,王建华,False,1,73
13250,林建志,False,0,73
13251,林建志,False,0,73
13252,王桂珍,False,1,73
13253,王志强,False,1,73
13254,林正雄,False,0,73
13255,王志强,False,1,73
13256,王建华,False,1,73
13257,林建志,False,0,73
13258,林建志,False,0,73
13259,林建志,False,0,73
13260,林建志,False,0,73
13261,林建志,False,0,73
13262,林正雄,False,0,73
13263,林建志,False,0,73
13264,林建志,False,0,73
13265,林建志,False,0,73
13266,林淑華,False,0,73
13267,林建志,False,0,73
13268,林正雄,False,0,73
13269,林正雄,False,0,73
13270,王建华,False,1,73
13271,王建华,False,1,73
13272,林宜蓁,False,0,73
13273,王建华,False,1,73
13274,林正雄,False,0,73
13275,林正雄,False,0,73
13276,林建志,False,0,73
13277,林建志,False,0,73
13278,王建华,False,1,73
13279,林正雄,False,0,73
13280,王志强,False,1,73
13281,林宜蓁,False,0,73
13282,林建志,False,0,73
13283,林建志,False,0,73
13284,林淑華,False,0,73
13285,王建华,False,1,73
13286,林建志,False,0,73
13287,林建志,False,0,73
13288,林建志,False,0,73
13289,林建志,False,0,73
13290,王志强,False,1,73
13291,林建志,False,0,73
13292,王志强,False,1,73
13293,林正雄,False,0,73
13294,李建军,False,1,73
13295,林正雄,False,0,73
13296,林建志,False,0,73
13297,林宜蓁,False,0,73
13298,林建志,False,0,73
13299,林建志,False,0,73
13300,王志强,False,1,73
13301,王志强,False,1,73
13302,林建志,False,0,73
13303,林建志,False,0,73
13304,林建志,False,0,73
13305,王建华,False,1,73
13306,王志强,False,1,73
13307,林宜蓁,False,0,73
13308,林宜蓁,False,0,73
13309,王建华,False,1,73
13310,林正雄,False,0,73
13311,林宜蓁,False,0,73
13312,林建志,False,0,73
13313,林宜蓁,False,0,73
13314,林淑華,False,0,73
13315,林正雄,False,0,73
13316,林建志,False,0,73
13317,林正雄,False,0,73
13318,王志强,False,1,73
13319,林建志,False,0,73
13320,王志强,False,1,74
13321,王志强,False,1,74
13322,王志强,False,1,74
13323,王志强,False,1,74
13324,李建興,False,0,74
13325,王志强,False,1,74
13326,王志强,False,1,74
13327,王志强,False,1,74
13328,王志强,False,1,74
13329,王志强,False,1,74
13330,李建興,False,0,74
13331,李建興,False,0,74
13332,李建興,False,0,74
13333,李建興,False,0,74
13334,王志强,False,1,74
13335,李秀英,False,1,74
13336,王志强,False,1,74
13337,李建興,False,0,74
13338,王志强,False,1,74
13339,李建興,False,0,74
13340,王志强,False,1,74
13341,李建興,False,0,74
13342,李建興,False,0,74
13343,李建興,False,0,74
13344,王志强,False,1,74
13345,李建興,False,0,74
13346,李建興,False,0,74
13347,王志强,False,1,74
13348,李建興,False,0,74
13349,李建興,False,0,74
13350,李建興,False,0,74
13351,李建興,False,0,74
13352,王志强,False,1,74
13353,李建興,False,0,74
13354,李秀英,False,1,74
13355,李建興,False,0,74
13356,王志强,False,1,74
13357,李秀英,False,1,74
13358,王志强,False,1,74
13359,王志强,False,1,74
13360,王志强,False,1,74
13361,李秀英,False,1,74
13362,李建興,False,0,74
13363,李建興,False,0,74
13364,李建興,False,0,74
13365,李建興,False,0,74
13366,王志强,False,1,74
13367,王志强,False,1,74
13368,王志强,False,1,74
13369,李建興,False,0,74
13370,李红霞,False,1,74
13371,李建興,False,0,74
13372,王志强,False,1,74
13373,李建興,False,0,74
13374,李建興,False,0,74
13375,王志强,False,1,74
13376,李建興,False,0,74
13377,李建興,False,0,74
13378,李建興,False,0,74
13379,李建興,False,0,74
13380,王志强,False,1,74
13381,李建興,False,0,74
13382,王志强,False,1,74
13383,王俊凱,False,0,74
13384,王志强,False,1,74
13385,王志强,False,1,74
13386,王志强,False,1,74
13387,王秀梅,False,1,74
13388,王志强,False,1,74
13389,李建興,False,0,74
13390,李建興,False,0,74
13391,李建興,False,0,74
13392,王志强,False,1,74
13393,王志强,False,1,74
13394,王志强,False,1,74
13395,李秀英,False,1,74
13396,李建興,False,0,74
13397,李建興,False,0,74
13398,李秀英,False,1,74
13399,李建興,False,0,74
13400,李建興,False,0,74
13401,王志强,False,1,74
13402,李红霞,False,1,74
13403,王志强,False,1,74
13404,王志强,False,1,74
13405,李建興,False,0,74
13406,李建興,False,0,74
13407,王志强,False,1,74
13408,李建興,False,0,74
13409,李建興,False,0,74
13410,王志强,False,1,74
13411,李建興,False,0,74
13412,李建興,False,0,74
13413,王志强,False,1,74
13414,李建興,False,0,74
13415,王志强,False,1,74
13416,李建興,False,0,74
13417,李建興,False,0,74
13418,李红霞,False,1,74
13419,王志强,False,1,74
13420,李建興,False,0,74
13421,王志强,False,1,74
13422,李建興,False,0,74
13423,李建興,False,0,74
13424,李建興,False,0,74
13425,李建興,False,0,74
13426,王志强,False,1,74
13427,王志强,False,1,74
13428,李建興,False,0,74
13429,王志强,False,1,74
13430,李建興,False,0,74
13431,李建興,False,0,74
13432,李秀英,False,1,74
13433,王志强,False,1,74
13434,王志强,False,1,74
13435,李建興,False,0,74
13436,李建興,False,0,74
13437,王志强,False,1,74
13438,李秀英,False,1,74
13439,王志强,False,1,74
13440,李建興,False,0,74
13441,李建興,False,0,74
13442,李秀英,False,1,74
13443,李建興,False,0,74
13444,李建興,False,0,74
13445,王志强,False,1,74
13446,李建興,False,0,74
13447,李建興,False,0,74
13448,李建興,False,0,74
13449,李建興,False,0,74
13450,李建興,False,0,74
13451,李建興,False,0,74
13452,李建興,False,0,74
13453,李秀英,False,1,74
13454,李建興,False,0,74
13455,王志强,False,1,74
13456,王俊凱,False,0,74
13457,李建興,False,0,74
13458,王志强,False,1,74
13459,王志强,False,1,74
13460,李秀英,False,1,74
13461,王志强,False,1,74
13462,张桂英,False,1,74
13463,王志强,False,1,74
13464,李建興,False,0,74
13465,王志强,False,1,74
13466,李秀英,False,1,74
13467,王志强,False,1,74
13468,李建興,False,0,74
13469,李玉兰,False,1,74
13470,李建興,False,0,74
13471,王志强,False,1,74
13472,王志强,False,1,74
13473,王志强,False,1,74
13474,王志强,False,1,74
13475,王志强,False,1,74
13476,李建興,False,0,74
13477,王志强,False,1,74
13478,王志强,False,1,74
13479,王志强,False,1,74
13480,李建興,False,0,74
13481,李建興,False,0,74
13482,李红霞,False,1,74
13483,王志强,False,1,74
13484,李秀英,False,1,74
13485,李建興,False,0,74
13486,李红霞,False,1,74
13487,李红霞,False,1,74
13488,李建興,False,0,74
13489,李建興,False,0,74
13490,王志强,False,1,74
13491,李秀英,False,1,74
13492,王志强,False,1,74
13493,李秀英,False,1,74
13494,李秀英,False,1,74
13495,李建興,False,0,74
13496,李秀英,False,1,74
13497,王志强,False,1,74
13498,李秀英,False,1,74
13499,李建興,False,0,74
13500,林冠宏,False,0,75
13501,李桂香,False,1,75
13502,林建宏,False,0,75
13503,林冠宏,False,0,75
13504,林建宏,False,0,75
13505,林建宏,False,0,75
13506,林冠宏,False,0,75
13507,林冠宏,False,0,75
13508,林建宏,False,0,75
13509,林建宏,False,0,75
13510,林建宏,False,0,75
13511,林冠宏,False,0,75
13512,陳建宏,False,0,75
13513,李桂荣,False,1,75
13514,李桂荣,False,1,75
13515,林建宏,False,0,75
13516,林冠宏,False,0,75
13517,林建宏,False,0,75
13518,林建宏,False,0,75
13519,林建宏,False,0,75
13520,王秀荣,False,1,75
13521,林建宏,False,0,75
13522,李桂香,False,1,75
13523,林建宏,False,0,75
13524,林建宏,False,0,75
13525,林建宏,False,0,75
13526,陳建宏,False,0,75
13527,李桂花,False,1,75
13528,李桂荣,False,1,75
13529,林建宏,False,0,75
13530,林建宏,False,0,75
13531,林冠宏,False,0,75
13532,林建宏,False,0,75
13533,林建宏,False,0,75
13534,李春梅,False,1,75
13535,李春梅,False,1,75
13536,林建宏,False,0,75
13537,林建宏,False,0,75
13538,林冠宏,False,0,75
13539,林建宏,False,0,75
13540,林建宏,False,0,75
13541,林冠宏,False,0,75
13542,林建宏,False,0,75
13543,林冠宏,False,0,75
13544,林冠宏,False,0,75
13545,陳建宏,False,0,75
13546,林建宏,False,0,75
13547,李桂荣,False,1,75
13548,林冠宏,False,0,75
13549,李桂荣,False,1,75
13550,林建宏,False,0,75
13551,林建宏,False,0,75
13552,林冠宏,False,0,75
13553,李桂花,False,1,75
13554,李春梅,False,1,75
13555,李桂荣,False,1,75
13556,林冠宏,False,0,75
13557,王婷婷,False,1,75
13558,林冠宏,False,0,75
13559,林建宏,False,0,75
13560,王婷婷,False,1,75
13561,林建宏,False,0,75
13562,陳志明,False,0,75
13563,林建宏,False,0,75
13564,林建宏,False,0,75
13565,林建宏,False,0,75
13566,李春梅,False,1,75
13567,李桂花,False,1,75
13568,林冠宏,False,0,75
13569,李桂花,False,1,75
13570,林建宏,False,0,75
13571,李桂荣,False,1,75
13572,林建宏,False,0,75
13573,林建宏,False,0,75
13574,林建宏,False,0,75
13575,林冠宏,False,0,75
13576,林建宏,False,0,75
13577,李桂花,False,1,75
13578,林冠宏,False,0,75
13579,林建宏,False,0,75
13580,李桂花,False,1,75
13581,林建宏,False,0,75
13582,林冠宏,False,0,75
13583,陳志明,False,0,75
13584,林冠宏,False,0,75
13585,林建宏,False,0,75
13586,林建宏,False,0,75
13587,林建宏,False,0,75
13588,陳志明,False,0,75
13589,林建宏,False,0,75
13590,林冠宏,False,0,75
13591,陳建宏,False,0,75
13592,林建宏,False,0,75
13593,李桂荣,False,1,75
13594,李桂花,False,1,75
13595,林建宏,False,0,75
13596,林冠宏,False,0,75
13597,李桂荣,False,1,75
13598,林建宏,False,0,75
13599,陳志明,False,0,75
13600,林建宏,False,0,75
13601,林冠宏,False,0,75
13602,林冠宏,False,0,75
13603,林冠宏,False,0,75
13604,林建宏,False,0,75
13605,林冠宏,False,0,75
13606,林冠宏,False,0,75
13607,林建宏,False,0,75
13608,林建宏,False,0,75
13609,李桂花,False,1,75
13610,林建宏,False,0,75
13611,林建宏,False,0,75
13612,陳建宏,False,0,75
13613,林建宏,False,0,75
13614,林建宏,False,0,75
13615,林建宏,False,0,75
13616,李桂花,False,1,75
13617,林建宏,False,0,75
13618,林建宏,False,0,75
13619,林冠宏,False,0,75
13620,陳建宏,False,0,75
13621,林建宏,False,0,75
13622,林建宏,False,0,75
13623,林冠宏,False,0,75
13624,林冠宏,False,0,75
13625,林建宏,False,0,75
13626,林建宏,False,0,75
13627,林建宏,False,0,75
13628,林建宏,False,0,75
13629,林建宏,False,0,75
13630,林建宏,False,0,75
13631,林冠宏,False,0,75
13632,李桂荣,False,1,75
13633,林冠宏,False,0,75
13634,林建宏,False,0,75
13635,林冠宏,False,0,75
13636,陳建宏,False,0,75
13637,林建宏,False,0,75
13638,王婷婷,False,1,75
13639,陳建宏,False,0,75
13640,林建宏,False,0,75
13641,李桂香,False,1,75
13642,林建宏,False,0,75
13643,李桂荣,False,1,75
13644,林建宏,False,0,75
13645,李桂荣,False,1,75
13646,陳志明,False,0,75
13647,李桂荣,False,1,75
13648,李桂花,False,1,75
13649,林建宏,False,0,75
13650,林建宏,False,0,75
13651,林建宏,False,0,75
13652,陳建宏,False,0,75
13653,李春梅,False,1,75
13654,陳建宏,False,0,75
13655,林建宏,False,0,75
13656,林冠宏,False,0,75
13657,陳建宏,False,0,75
13658,李桂荣,False,1,75
13659,林建宏,False,0,75
13660,林冠宏,False,0,75
13661,林冠宏,False,0,75
13662,林建宏,False,0,75
13663,李桂荣,False,1,75
13664,林建宏,False,0,75
13665,林建宏,False,0,75
13666,林建宏,False,0,75
13667,陳建宏,False,0,75
13668,林建宏,False,0,75
13669,林建宏,False,0,75
13670,林冠宏,False,0,75
13671,林建宏,False,0,75
13672,林建宏,False,0,75
13673,林冠宏,False,0,75
13674,林冠宏,False,0,75
13675,林建宏,False,0,75
13676,李桂荣,False,1,75
13677,林建宏,False,0,75
13678,李桂荣,False,1,75
13679,陳建宏,False,0,75
13680,张建军,False,1,76
13681,林志鴻,False,0,76
13682,张建军,False,1,76
13683,王建华,False,1,76
13684,王俊傑,False,0,76
13685,王建华,False,1,76
13686,王建华,False,1,76
13687,张建军,False,1,76
13688,张建军,False,1,76
13689,张建军,False,1,76
13690,张建军,False,1,76
13691,张建军,False,1,76
13692,林志鴻,False,0,76
13693,王建华,False,1,76
13694,张凤英,False,1,76
13695,王秀珍,False,1,76
13696,吳俊賢,False,0,76
13697,王建华,False,1,76
13698,张建军,False,1,76
13699,王建华,False,1,76
13700,王建华,False,1,76
13701,王俊傑,False,0,76
13702,林志鴻,False,0,76
13703,王建华,False,1,76
13704,张家榮,True,-1,76
13705,张建军,False,1,76
13706,张建军,False,1,76
13707,张建军,False,1,76
13708,张建军,False,1,76
13709,张玉华,False,1,76
13710,王建华,False,1,76
13711,张凤英,False,1,76
13712,王俊傑,False,0,76
13713,张雅婷,True,-1,76
13714,王秀珍,False,1,76
13715,王俊傑,False,0,76
13716,张玉兰,False,1,76
13717,王建华,False,1,76
13718,王建华,False,1,76
13719,王俊傑,False,0,76
13720,王建华,False,1,76
13721,王建华,False,1,76
13722,张建军,False,1,76
13723,王俊傑,False,0,76
13724,王秀珍,False,1,76
13725,王俊傑,False,0,76
13726,张玉兰,False,1,76
13727,王建华,False,1,76
13728,张建军,False,1,76
13729,张建军,False,1,76
13730,张建军,False,1,76
13731,张玉兰,False,1,76
13732,张建军,False,1,76
13733,王建华,False,1,76
13734,王建华,False,1,76
13735,张建军,False,1,76
13736,张玉华,False,1,76
13737,张建军,False,1,76
13738,王建华,False,1,76
13739,王俊傑,False,0,76
13740,张建军,False,1,76
13741,王俊傑,False,0,76
13742,张雅惠,True,-1,76
13743,王俊傑,False,0,76
13744,张凤英,False,1,76
13745,王俊傑,False,0,76
13746,王建华,False,1,76
13747,张凤英,False,1,76
13748,王俊傑,False,0,76
13749,张建军,False,1,76
13750,林雅惠,False,0,76
13751,張家榮,False,0,76
13752,张建军,False,1,76
13753,张建军,False,1,76
13754,张雅惠,True,-1,76
13755,张建军,False,1,76
13756,林志鴻,False,0,76
13757,王建华,False,1,76
13758,张雅婷,True,-1,76
13759,王俊傑,False,0,76
13760,张建军,False,1,76
13761,张建军,False,1,76
13762,张建军,False,1,76
13763,王建华,False,1,76
13764,张凤英,False,1,76
13765,王建华,False,1,76
13766,王建华,False,1,76
13767,张建军,False,1,76
13768,张建军,False,1,76
13769,张凤英,False,1,76
13770,张建军,False,1,76
13771,张建军,False,1,76
13772,张建军,False,1,76
13773,林志鴻,False,0,76
13774,王建华,False,1,76
13775,张玉华,False,1,76
13776,张建军,False,1,76
13777,王建华,False,1,76
13778,張雅婷,False,0,76
13779,王建华,False,1,76
13780,张建军,False,1,76
13781,张建军,False,1,76
13782,王建华,False,1,76
13783,林志鴻,False,0,76
13784,张建军,False,1,76
13785,李玉华,False,1,76
13786,张建军,False,1,76
13787,张建军,False,1,76
13788,王建华,False,1,76
13789,张凤英,False,1,76
13790,王建华,False,1,76
13791,王俊傑,False,0,76
13792,王建华,False,1,76
13793,张玉兰,False,1,76
13794,张建军,False,1,76
13795,王秀珍,False,1,76
13796,张建军,False,1,76
13797,王建华,False,1,76
13798,张凤英,False,1,76
13799,王俊傑,False,0,76
13800,王俊傑,False,0,76
13801,张凤英,False,1,76
13802,张玉华,False,1,76
13803,張雅婷,False,0,76
13804,王俊傑,False,0,76
13805,王俊傑,False,0,76
13806,张建军,False,1,76
13807,张玉兰,False,1,76
13808,张建军,False,1,76
13809,张建军,False,1,76
13810,王建华,False,1,76
13811,張雅惠,False,0,76
13812,王建华,False,1,76
13813,林志鴻,False,0,76
13814,张建军,False,1,76
13815,王建华,False,1,76
13816,李玉华,False,1,76
13817,林志鴻,False,0,76
13818,王建华,False,1,76
13819,王俊傑,False,0,76
13820,张建军,False,1,76
13821,张玉兰,False,1,76
13822,张建军,False,1,76
13823,张建军,False,1,76
13824,张建军,False,1,76
13825,王俊傑,False,0,76
13826,张雅惠,True,-1,76
13827,张雅婷,True,-1,76
13828,王建华,False,1,76
13829,张建军,False,1,76
13830,林志鴻,False,0,76
13831,张建军,False,1,76
13832,王建华,False,1,76
13833,张建军,False,1,76
13834,张建军,False,1,76
13835,张建军,False,1,76
13836,王建华,False,1,76
13837,张凤英,False,1,76
13838,张建军,False,1,76
13839,张雅惠,True,-1,76
13840,张建军,False,1,76
13841,张建军,False,1,76
13842,张建军,False,1,76
13843,王俊傑,False,0,76
13844,王秀珍,False,1,76
13845,张建军,False,1,76
13846,张建军,False,1,76
13847,王俊傑,False,0,76
13848,王建华,False,1,76
13849,王俊傑,False,0,76
13850,王建华,False,1,76
13851,张建军,False,1,76
13852,王建华,False,1,76
13853,张建军,False,1,76
13854,王建华,False,1,76
13855,张家榮,True,-1,76
13856,张建军,False,1,76
13857,林志鴻,False,0,76
13858,张建军,False,1,76
13859,张凤英,False,1,76
13860,张海燕,False,1,77
13861,张海燕,False,1,77
13862,张海燕,False,1,77
13863,张海燕,False,1,77
13864,张凤英,False,1,77
13865,王志强,False,1,77
13866,张海燕,False,1,77
13867,张海燕,False,1,77
13868,楊承翰,False,0,77
13869,王志强,False,1,77
13870,,True,-1,77
13871,王建军,False,1,77
13872,张海燕,False,1,77
13873,张海燕,False,1,77
13874,张秀英,False,1,77
13875,王志强,False,1,77
13876,张海燕,False,1,77
13877,张海燕,False,1,77
13878,张海燕,False,1,77
13879,张海燕,False,1,77
13880,王建军,False,1,77
13881,王建军,False,1,77
13882,楊承翰,False,0,77
13883,王建军,False,1,77
13884,王建军,False,1,77
13885,张海燕,False,1,77
13886,王建军,False,1,77
13887,王建军,False,1,77
13888,王建军,False,1,77
13889,张海燕,False,1,77
13890,王建军,False,1,77
13891,楊承翰,False,0,77
13892,王建军,False,1,77
13893,张海燕,False,1,77
13894,张海燕,False,1,77
13895,王建军,False,1,77
13896,王建军,False,1,77
13897,陳彥宇,False,0,77
13898,张海燕,False,1,77
13899,王志强,False,1,77
13900,张海燕,False,1,77
13901,张海燕,False,1,77
13902,张海燕,False,1,77
13903,张海燕,False,1,77
13904,张海燕,False,1,77
13905,王志强,False,1,77
13906,王建军,False,1,77
13907,张海燕,False,1,77
13908,楊承翰,False,0,77
13909,王志强,False,1,77
13910,张海燕,False,1,77
13911,王建军,False,1,77
13912,张海燕,False,1,77
13913,张秀英,False,1,77
13914,张海燕,False,1,77
13915,张海燕,False,1,77
13916,张海燕,False,1,77
13917,张海燕,False,1,77
13918,张海燕,False,1,77
13919,楊承翰,False,0,77
13920,楊承翰,False,0,77
13921,张海燕,False,1,77
13922,王志强,False,1,77
13923,張美玲,False,0,77
13924,王建军,False,1,77
13925,王志强,False,1,77
13926,张海燕,False,1,77
13927,王建军,False,1,77
13928,王志强,False,1,77
13929,王建军,False,1,77
13930,张海燕,False,1,77
13931,张海燕,False,1,77
13932,陳俊良,False,0,77
13933,张海燕,False,1,77
13934,张海燕,False,1,77
13935,张海燕,False,1,77
13936,王建军,False,1,77
13937,张海燕,False,1,77
13938,张海燕,False,1,77
13939,张海燕,False,1,77
13940,張美玲,False,0,77
13941,王志强,False,1,77
13942,張美玲,False,0,77
13943,张海燕,False,1,77
13944,王建军,False,1,77
13945,王建军,False,1,77
13946,張美玲,False,0,77
13947,张秀英,False,1,77
13948,王志强,False,1,77
13949,张海燕,False,1,77
13950,王志强,False,1,77
13951,张海燕,False,1,77
13952,张海燕,False,1,77
13953,王建军,False,1,77
13954,张海燕,False,1,77
13955,张海燕,False,1,77
13956,张海燕,False,1,77
13957,王建军,False,1,77
13958,王志强,False,1,77
13959,王建军,False,1,77
13960,王志强,False,1,77
13961,张海燕,False,1,77
13962,张海燕,False,1,77
13963,张海燕,False,1,77
13964,张海燕,False,1,77
13965,张海燕,False,1,77
13966,张海燕,False,1,77
13967,张凤英,False,1,77
13968,陳彥宇,False,0,77
13969,陳彥宇,False,0,77
13970,张海燕,False,1,77
13971,张海燕,False,1,77
13972,张海燕,False,1,77
13973,楊承翰,False,0,77
13974,楊承翰,False,0,77
13975,王建军,False,1,77
13976,张海燕,False,1,77
13977,张凤英,False,1,77
13978,王建军,False,1,77
13979,张海燕,False,1,77
13980,王志强,False,1,77
13981,张海燕,False,1,77
13982,王建军,False,1,77
13983,张秀英,False,1,77
13984,张海燕,False,1,77
13985,张海燕,False,1,77
13986,陳俊良,False,0,77
13987,张海燕,False,1,77
13988,王建军,False,1,77
13989,王建军,False,1,77
13990,陳秀鳳,False,0,77
13991,张秀英,False,1,77
13992,张海燕,False,1,77
13993,王建军,False,1,77
13994,王志强,False,1,77
13995,张海燕,False,1,77
13996,王建军,False,1,77
13997,王建军,False,1,77
13998,张海燕,False,1,77
13999,张海燕,False,1,77
14000,张海燕,False,1,77
14001,楊承翰,False,0,77
14002,张凤英,False,1,77
14003,张海燕,False,1,77
14004,王志强,False,1,77
14005,张海燕,False,1,77
14006,王志强,False,1,77
14007,张海燕,False,1,77
14008,王建军,False,1,77
14009,张海燕,False,1,77
14010,王建军,False,1,77
14011,张海燕,False,1,77
14012,张海燕,False,1,77
14013,王建军,False,1,77
14014,陳彥宇,False,0,77
14015,陳俊良,False,0,77
14016,张海燕,False,1,77
14017,王建军,False,1,77
14018,王建军,False,1,77
14019,王建军,False,1,77
14020,张凤英,False,1,77
14021,张海燕,False,1,77
14022,张海燕,False,1,77
14023,张海燕,False,1,77
14024,张海燕,False,1,77
14025,张海燕,False,1,77
14026,张海燕,False,1,77
14027,张海燕,False,1,77
14028,王建军,False,1,77
14029,张海燕,False,1,77
14030,王建军,False,1,77
14031,陳俊良,False,0,77
14032,王建军,False,1,77
14033,张海燕,False,1,77
14034,张海燕,False,1,77
14035,张海燕,False,1,77
14036,王建军,False,1,77
14037,张海燕,False,1,77
14038,张海燕,False,1,77
14039,王建军,False,1,77
14040,王建军,False,1,78
14041,王建军,False,1,78
14042,王建军,False,1,78
14043,王建军,False,1,78
14044,林建宏,False,0,78
14045,王建军,False,1,78
14046,王建军,False,1,78
14047,王秀荣,False,1,78
14048,林建宏,False,0,78
14049,林建宏,False,0,78
14050,王建军,False,1,78
14051,王秀荣,False,1,78
14052,王秀荣,False,1,78
14053,林志明,False,0,78
14054,林建宏,False,0,78
14055,王建军,False,1,78
14056,王秀荣,False,1,78
14057,林建宏,False,0,78
14058,王建军,False,1,78
14059,林建宏,False,0,78
14060,王建军,False,1,78
14061,林志明,False,0,78
14062,林建宏,False,0,78
14063,林建宏,False,0,78
14064,王建军,False,1,78
14065,王建军,False,1,78
14066,李玉华,False,1,78
14067,李淑芬,False,0,78
14068,林建宏,False,0,78
14069,王建军,False,1,78
14070,李玉华,False,1,78
14071,王建军,False,1,78
14072,林建宏,False,0,78
14073,林建宏,False,0,78
14074,王建军,False,1,78
14075,林建宏,False,0,78
14076,林建宏,False,0,78
14077,王秀荣,False,1,78
14078,林建宏,False,0,78
14079,王建军,False,1,78
14080,林建宏,False,0,78
14081,王建军,False,1,78
14082,王建军,False,1,78
14083,林志明,False,0,78
14084,王建军,False,1,78
14085,王建军,False,1,78
14086,林建宏,False,0,78
14087,王建军,False,1,78
14088,王建军,False,1,78
14089,王秀荣,False,1,78
14090,王建军,False,1,78
14091,林建宏,False,0,78
14092,王建军,False,1,78
14093,李淑芬,False,0,78
14094,李玉华,False,1,78
14095,王秀荣,False,1,78
14096,林志明,False,0,78
14097,李淑芬,False,0,78
14098,王建军,False,1,78
14099,李玉华,False,1,78
14100,林建宏,False,0,78
14101,林志明,False,0,78
14102,王建军,False,1,78
14103,林建宏,False,0,78
14104,王建军,False,1,78
14105,林建宏,False,0,78
14106,林建宏,False,0,78
14107,林建宏,False,0,78
14108,林建宏,False,0,78
14109,王建军,False,1,78
14110,林建宏,False,0,78
14111,林建宏,False,0,78
14112,林建宏,False,0,78
14113,王建军,False,1,78
14114,王建军,False,1,78
14115,林建宏,False,0,78
14116,林志明,False,0,78
14117,王秀荣,False,1,78
14118,王建军,False,1,78
14119,李玉梅,False,1,78
14120,林建宏,False,0,78
14121,李淑芬,False,0,78
14122,王建军,False,1,78
14123,王建军,False,1,78
14124,林志明,False,0,78
14125,王建军,False,1,78
14126,王秀荣,False,1,78
14127,林志明,False,0,78
14128,王建军,False,1,78
14129,李玉华,False,1,78
14130,王建军,False,1,78
14131,林建宏,False,0,78
14132,林建宏,False,0,78
14133,王建军,False,1,78
14134,王建军,False,1,78
14135,李淑芬,False,0,78
14136,王建军,False,1,78
14137,林志明,False,0,78
14138,林建宏,False,0,78
14139,王建军,False,1,78
14140,王建军,False,1,78
14141,王建军,False,1,78
14142,王建军,False,1,78
14143,王建军,False,1,78
14144,王建军,False,1,78
14145,林建宏,False,0,78
14146,王建军,False,1,78
14147,林建宏,False,0,78
14148,王建军,False,1,78
14149,王建军,False,1,78
14150,林志明,False,0,78
14151,林建宏,False,0,78
14152,林建宏,False,0,78
14153,王建军,False,1,78
14154,林建宏,False,0,78
14155,林建宏,False,0,78
14156,王秀荣,False,1,78
14157,李淑芬,False,0,78
14158,林建宏,False,0,78
14159,王建军,False,1,78
14160,林志明,False,0,78
14161,林建宏,False,0,78
14162,林建宏,False,0,78
14163,王建军,False,1,78
14164,王建军,False,1,78
14165,林建宏,False,0,78
14166,林建宏,False,0,78
14167,林建宏,False,0,78
14168,林建宏,False,0,78
14169,林建宏,False,0,78
14170,林建宏,False,0,78
14171,林建宏,False,0,78
14172,李玉华,False,1,78
14173,王秀荣,False,1,78
14174,王建军,False,1,78
14175,林建宏,False,0,78
14176,王建军,False,1,78
14177,王建军,False,1,78
14178,林志明,False,0,78
14179,王建军,False,1,78
14180,李玉华,False,1,78
14181,李淑芬,False,0,78
14182,王建军,False,1,78
14183,王建军,False,1,78
14184,林建宏,False,0,78
14185,王建军,False,1,78
14186,王建军,False,1,78
14187,林志明,False,0,78
14188,林志明,False,0,78
14189,王建军,False,1,78
14190,王秀荣,False,1,78
14191,王建军,False,1,78
14192,王建军,False,1,78
14193,李淑芬,False,0,78
14194,林志明,False,0,78
14195,李淑芬,False,0,78
14196,王建军,False,1,78
14197,王秀荣,False,1,78
14198,林建宏,False,0,78
14199,林建宏,False,0,78
14200,林建宏,False,0,78
14201,王建军,False,1,78
14202,王建军,False,1,78
14203,林建宏,False,0,78
14204,王建军,False,1,78
14205,王建军,False,1,78
14206,王建军,False,1,78
14207,林建宏,False,0,78
14208,林建宏,False,0,78
14209,王建军,False,1,78
14210,李玉华,False,1,78
14211,王建军,False,1,78
14212,王桂芳,False,1,78
14213,王建军,False,1,78
14214,王建军,False,1,78
14215,王建军,False,1,78
14216,王建军,False,1,78
14217,王建军,False,1,78
14218,李淑芬,False,0,78
14219,陳俊佑,False,0,78
14220,李冬梅,False,1,79
14221,李凤英,False,1,79
14222,李冬梅,False,1,79
14223,陳淑芬,False,0,79
14224,陳威廷,False,0,79
14225,李雪梅,False,1,79
14226,李雪梅,False,1,79
14227,李雪梅,False,1,79
14228,李红梅,False,1,79
14229,陳建成,False,0,79
14230,李凤英,False,1,79
14231,陳志宏,False,0,79
14232,李冬梅,False,1,79
14233,陳志宏,False,0,79
14234,李雪梅,False,1,79
14235,陳建成,False,0,79
14236,陳威廷,False,0,79
14237,陳志宏,False,0,79
14238,李冬梅,False,1,79
14239,李冬梅,False,1,79
14240,李雪梅,False,1,79
14241,陳威廷,False,0,79
14242,李红梅,False,1,79
14243,陳志宏,False,0,79
14244,李冬梅,False,1,79
14245,李红梅,False,1,79
14246,陳志宏,False,0,79
14247,李红梅,False,1,79
14248,陳建成,False,0,79
14249,李冬梅,False,1,79
14250,蔡承翰,False,0,79
14251,李冬梅,False,1,79
14252,李雪梅,False,1,79
14253,陳建成,False,0,79
14254,陳建成,False,0,79
14255,李雪梅,False,1,79
14256,李冬梅,False,1,79
14257,李冬梅,False,1,79
14258,陳志宏,False,0,79
14259,李凤英,False,1,79
14260,陳志成,False,0,79
14261,陳威廷,False,0,79
14262,陳建成,False,0,79
14263,陳志宏,False,0,79
14264,李雪梅,False,1,79
14265,李冬梅,False,1,79
14266,陳志成,False,0,79
14267,陳志宏,False,0,79
14268,陳志宏,False,0,79
14269,李冬梅,False,1,79
14270,李冬梅,False,1,79
14271,李冬梅,False,1,79
14272,李冬梅,False,1,79
14273,陳建成,False,0,79
14274,李雪梅,False,1,79
14275,李雪梅,False,1,79
14276,陳志成,False,0,79
14277,李雪梅,False,1,79
14278,陳志成,False,0,79
14279,李雪梅,False,1,79
14280,李冬梅,False,1,79
14281,李雪梅,False,1,79
14282,李凤英,False,1,79
14283,李冬梅,False,1,79
14284,李冬梅,False,1,79
14285,陳志宏,False,0,79
14286,李雪梅,False,1,79
14287,李红梅,False,1,79
14288,李冬梅,False,1,79
14289,李冬梅,False,1,79
14290,李冬梅,False,1,79
14291,陳志成,False,0,79
14292,李雪梅,False,1,79
14293,李凤英,False,1,79
14294,陳志宏,False,0,79
14295,陳威廷,False,0,79
14296,李冬梅,False,1,79
14297,陳志成,False,0,79
14298,李红梅,False,1,79
14299,李红梅,False,1,79
14300,李雪梅,False,1,79
14301,李雪梅,False,1,79
14302,陳建成,False,0,79
14303,李冬梅,False,1,79
14304,陳建成,False,0,79
14305,李冬梅,False,1,79
14306,陳志宏,False,0,79
14307,杨秀兰,False,1,79
14308,李红梅,False,1,79
14309,李冬梅,False,1,79
14310,李凤英,False,1,79
14311,李雪梅,False,1,79
14312,陳志宏,False,0,79
14313,李红梅,False,1,79
14314,李红梅,False,1,79
14315,陳志成,False,0,79
14316,李雪梅,False,1,79
14317,李冬梅,False,1,79
14318,李冬梅,False,1,79
14319,李冬梅,False,1,79
14320,李冬梅,False,1,79
14321,李雪梅,False,1,79
14322,陳威廷,False,0,79
14323,李冬梅,False,1,79
14324,李红梅,False,1,79
14325,陳志宏,False,0,79
14326,李凤英,False,1,79
14327,李冬梅,False,1,79
14328,李红梅,False,1,79
14329,李雪梅,False,1,79
14330,李红梅,False,1,79
14331,陳威廷,False,0,79
14332,李红梅,False,1,79
14333,陳威廷,False,0,79
14334,李冬梅,False,1,79
14335,李凤英,False,1,79
14336,陳志成,False,0,79
14337,李红梅,False,1,79
14338,李冬梅,False,1,79
14339,李冬梅,False,1,79
14340,李冬梅,False,1,79
14341,陳建成,False,0,79
14342,李冬梅,False,1,79
14343,陳淑芬,False,0,79
14344,陳志宏,False,0,79
14345,李红梅,False,1,79
14346,李雪梅,False,1,79
14347,李雪梅,False,1,79
14348,李凤英,False,1,79
14349,李冬梅,False,1,79
14350,李冬梅,False,1,79
14351,陳志宏,False,0,79
14352,李红梅,False,1,79
14353,李冬梅,False,1,79
14354,李冬梅,False,1,79
14355,陳麗卿,False,0,79
14356,李雪梅,False,1,79
14357,李雪梅,False,1,79
14358,陳威廷,False,0,79
14359,陳志宏,False,0,79
14360,陳志宏,False,0,79
14361,陳建成,False,0,79
14362,李雪梅,False,1,79
14363,陳建成,False,0,79
14364,陳威廷,False,0,79
14365,李凤英,False,1,79
14366,李冬梅,False,1,79
14367,李红梅,False,1,79
14368,陳志宏,False,0,79
14369,陳志成,False,0,79
14370,李冬梅,False,1,79
14371,陳志成,False,0,79
14372,李红梅,False,1,79
14373,陳志宏,False,0,79
14374,李红梅,False,1,79
14375,陳威廷,False,0,79
14376,李雪梅,False,1,79
14377,陳志宏,False,0,79
14378,陳志宏,False,0,79
14379,陳志成,False,0,79
14380,李红梅,False,1,79
14381,李冬梅,False,1,79
14382,李冬梅,False,1,79
14383,陳建成,False,0,79
14384,陳志宏,False,0,79
14385,李凤英,False,1,79
14386,李冬梅,False,1,79
14387,陳建成,False,0,79
14388,陳建成,False,0,79
14389,李冬梅,False,1,79
14390,李凤英,False,1,79
14391,陳志宏,False,0,79
14392,李冬梅,False,1,79
14393,李冬梅,False,1,79
14394,蔡承翰,False,0,79
14395,李红梅,False,1,79
14396,陳志宏,False,0,79
14397,李红梅,False,1,79
14398,陳志成,False,0,79
14399,李雪梅,False,1,79
14400,王俊凱,False,0,80
14401,王俊凱,False,0,80
14402,王俊凱,False,0,80
14403,张建国,False,1,80
14404,张建国,False,1,80
14405,王俊凱,False,0,80
14406,王婷婷,False,1,80
14407,王俊凱,False,0,80
14408,张建国,False,1,80
14409,张建国,False,1,80
14410,王俊凱,False,0,80
14411,王婷婷,False,1,80
14412,王俊凱,False,0,80
14413,王俊凱,False,0,80
14414,张建国,False,1,80
14415,王婷婷,False,1,80
14416,王俊凱,False,0,80
14417,王俊凱,False,0,80
14418,王俊凱,False,0,80
14419,王俊凱,False,0,80
14420,王俊凱,False,0,80
14421,张建国,False,1,80
14422,张建国,False,1,80
14423,王俊凱,False,0,80
14424,王俊凱,False,0,80
14425,王婷婷,False,1,80
14426,张建国,False,1,80
14427,王俊凱,False,0,80
14428,王俊凱,False,0,80
14429,王俊凱,False,0,80
14430,张建国,False,1,80
14431,王俊凱,False,0,80
14432,王俊凱,False,0,80
14433,王俊凱,False,0,80
14434,张建国,False,1,80
14435,张建国,False,1,80
14436,张建国,False,1,80
14437,王俊凱,False,0,80
14438,王俊凱,False,0,80
14439,张家豪,True,-1,80
14440,张家豪,True,-1,80
14441,林秀美,False,0,80
14442,王俊凱,False,0,80
14443,张建国,False,1,80
14444,王俊凱,False,0,80
14445,林秀美,False,0,80
14446,王俊凱,False,0,80
14447,王俊凱,False,0,80
14448,王俊凱,False,0,80
14449,张建国,False,1,80
14450,王俊凱,False,0,80
14451,王俊凱,False,0,80
14452,张建国,False,1,80
14453,王俊凱,False,0,80
14454,王俊凱,False,0,80
14455,王俊凱,False,0,80
14456,王俊凱,False,0,80
14457,张丽娟,False,1,80
14458,陳柏安,False,0,80
14459,王俊凱,False,0,80
14460,王俊凱,False,0,80
14461,王俊凱,False,0,80
14462,张建国,False,1,80
14463,王俊凱,False,0,80
14464,陳麗華,False,0,80
14465,王俊凱,False,0,80
14466,王俊凱,False,0,80
14467,王俊凱,False,0,80
14468,张建国,False,1,80
14469,王俊凱,False,0,80
14470,张家豪,True,-1,80
14471,张建国,False,1,80
14472,张建国,False,1,80
14473,张秀英,False,1,80
14474,张建国,False,1,80
14475,王俊凱,False,0,80
14476,王俊凱,False,0,80
14477,王俊凱,False,0,80
14478,王俊凱,False,0,80
14479,张秀英,False,1,80
14480,张丽娟,False,1,80
14481,王俊凱,False,0,80
14482,王俊凱,False,0,80
14483,王俊凱,False,0,80
14484,王俊凱,False,0,80
14485,王俊凱,False,0,80
14486,张建国,False,1,80
14487,王俊凱,False,0,80
14488,王俊凱,False,0,80
14489,张建国,False,1,80
14490,王俊凱,False,0,80
14491,陳昱安,False,0,80
14492,王俊凱,False,0,80
14493,王俊凱,False,0,80
14494,张建国,False,1,80
14495,王俊凱,False,0,80
14496,张建国,False,1,80
14497,陳柏安,False,0,80
14498,王俊凱,False,0,80
14499,张建国,False,1,80
14500,王俊凱,False,0,80
14501,王俊凱,False,0,80
14502,王婷婷,False,1,80
14503,张家豪,True,-1,80
14504,张建国,False,1,80
14505,王俊凱,False,0,80
14506,王俊凱,False,0,80
14507,王俊凱,False,0,80
14508,王俊凱,False,0,80
14509,张建国,False,1,80
14510,王玉华,False,1,80
14511,陳柏安,False,0,80
14512,王俊凱,False,0,80
14513,王俊凱,False,0,80
14514,王俊凱,False,0,80
14515,王俊凱,False,0,80
14516,王俊凱,False,0,80
14517,王俊凱,False,0,80
14518,王俊凱,False,0,80
14519,張家豪,False,0,80
14520,王俊凱,False,0,80
14521,王俊凱,False,0,80
14522,王俊凱,False,0,80
14523,张建国,False,1,80
14524,王俊凱,False,0,80
14525,王婷婷,False,1,80
14526,王俊凱,False,0,80
14527,王俊凱,False,0,80
14528,王俊凱,False,0,80
14529,王俊凱,False,0,80
14530,王俊凱,False,0,80
14531,王俊凱,False,0,80
14532,张家豪,True,-1,80
14533,王俊凱,False,0,80
14534,王俊凱,False,0,80
14535,王婷婷,False,1,80
14536,王俊凱,False,0,80
14537,张建国,False,1,80
14538,王俊凱,False,0,80
14539,王俊凱,False,0,80
14540,张建国,False,1,80
14541,王俊凱,False,0,80
14542,王俊凱,False,0,80
14543,王俊凱,False,0,80
14544,王俊凱,False,0,80
14545,张秀英,False,1,80
14546,王俊凱,False,0,80
14547,王俊凱,False,0,80
14548,王俊凱,False,0,80
14549,王俊凱,False,0,80
14550,王俊凱,False,0,80
14551,张秀英,False,1,80
14552,王俊凱,False,0,80
14553,王俊凱,False,0,80
14554,张建国,False,1,80
14555,张丽娟,False,1,80
14556,张建国,False,1,80
14557,陳柏安,False,0,80
14558,张建国,False,1,80
14559,王俊凱,False,0,80
14560,王俊凱,False,0,80
14561,王俊凱,False,0,80
14562,王婷婷,False,1,80
14563,张建国,False,1,80
14564,王俊凱,False,0,80
14565,王俊凱,False,0,80
14566,张家豪,True,-1,80
14567,王婷婷,False,1,80
14568,张建国,False,1,80
14569,王俊凱,False,0,80
14570,王俊凱,False,0,80
14571,王俊凱,False,0,80
14572,王俊凱,False,0,80
14573,张建国,False,1,80
14574,王俊凱,False,0,80
14575,张建国,False,1,80
14576,陳柏安,False,0,80
14577,张建国,False,1,80
14578,王俊凱,False,0,80
14579,王俊凱,False,0,80
14580,陳志偉,False,0,81
14581,陳建宇,False,0,81
14582,陳志偉,False,0,81
14583,王建华,False,1,81
14584,王建华,False,1,81
14585,陳柏睿,False,0,81
14586,陳志偉,False,0,81
14587,陳柏睿,False,0,81
14588,陳柏睿,False,0,81
14589,李秀华,False,1,81
14590,陳志偉,False,0,81
14591,陳柏睿,False,0,81
14592,陳建宇,False,0,81
14593,陳威宇,False,0,81
14594,陳建宇,False,0,81
14595,陳志偉,False,0,81
14596,陳威宇,False,0,81
14597,王建华,False,1,81
14598,王建华,False,1,81
14599,王建华,False,1,81
14600,陳威宇,False,0,81
14601,陳柏睿,False,0,81
14602,陳建宇,False,0,81
14603,陳建宇,False,0,81
14604,王建华,False,1,81
14605,陳柏睿,False,0,81
14606,陳柏睿,False,0,81
14607,陳建宇,False,0,81
14608,陳志偉,False,0,81
14609,陳柏睿,False,0,81
14610,陳建宇,False,0,81
14611,陳志偉,False,0,81
14612,陳志偉,False,0,81
14613,陳柏睿,False,0,81
14614,李秀华,False,1,81
14615,王建华,False,1,81
14616,陳志偉,False,0,81
14617,李秀华,False,1,81
14618,陳建宇,False,0,81
14619,陳建宇,False,0,81
14620,陳威宇,False,0,81
14621,陳志偉,False,0,81
14622,陳建宇,False,0,81
14623,陳柏睿,False,0,81
14624,陳柏睿,False,0,81
14625,陳建宇,False,0,81
14626,陳建宇,False,0,81
14627,陳建宇,False,0,81
14628,陳威宇,False,0,81
14629,陳柏睿,False,0,81
14630,陳志偉,False,0,81
14631,陳志偉,False,0,81
14632,陳志偉,False,0,81
14633,陳威宇,False,0,81
14634,陳志偉,False,0,81
14635,陳建宇,False,0,81
14636,陳建宇,False,0,81
14637,陳志偉,False,0,81
14638,陳建宇,False,0,81
14639,陳威宇,False,0,81
14640,陳威宇,False,0,81
14641,陳建宇,False,0,81
14642,王建华,False,1,81
14643,陳志偉,False,0,81
14644,李秀华,False,1,81
14645,陳麗卿,False,0,81
14646,陳志偉,False,0,81
14647,陳建宇,False,0,81
14648,陳柏睿,False,0,81
14649,陳柏睿,False,0,81
14650,陳建宇,False,0,81
14651,陳志偉,False,0,81
14652,陳志偉,False,0,81
14653,陳建宇,False,0,81
14654,陳柏睿,False,0,81
14655,王秀梅,False,1,81
14656,陳建宇,False,0,81
14657,陳建宇,False,0,81
14658,李秀华,False,1,81
14659,陳建宇,False,0,81
14660,陳志偉,False,0,81
14661,王建华,False,1,81
14662,陳志偉,False,0,81
14663,王建华,False,1,81
14664,陳建宇,False,0,81
14665,陳志偉,False,0,81
14666,陳柏睿,False,0,81
14667,陳志偉,False,0,81
14668,陳志偉,False,0,81
14669,王建华,False,1,81
14670,陳柏睿,False,0,81
14671,陳柏睿,False,0,81
14672,陳志偉,False,0,81
14673,陳志偉,False,0,81
14674,王建华,False,1,81
14675,陳建宇,False,0,81
14676,陳志偉,False,0,81
14677,陳威宇,False,0,81
14678,陳柏睿,False,0,81
14679,陳建宇,False,0,81
14680,陳建宇,False,0,81
14681,陳建宇,False,0,81
14682,陳秀美,False,0,81
14683,王建华,False,1,81
14684,陳建宇,False,0,81
14685,陳建宇,False,0,81
14686,陳柏睿,False,0,81
14687,陳建宇,False,0,81
14688,陳秀美,False,0,81
14689,陳志偉,False,0,81
14690,王建华,False,1,81
14691,陳建宇,False,0,81
14692,陳志偉,False,0,81
14693,陳威宇,False,0,81
14694,陳志偉,False,0,81
14695,陳威宇,False,0,81
14696,李秀华,False,1,81
14697,陳建宇,False,0,81
14698,陳志偉,False,0,81
14699,陳建宇,False,0,81
14700,陳志偉,False,0,81
14701,陳柏睿,False,0,81
14702,陳建宇,False,0,81
14703,王秀兰,False,1,81
14704,陳建宇,False,0,81
14705,陳志偉,False,0,81
14706,陳建宇,False,0,81
14707,王建华,False,1,81
14708,陳威宇,False,0,81
14709,陳柏睿,False,0,81
14710,陳建宇,False,0,81
14711,王建华,False,1,81
14712,陳柏睿,False,0,81
14713,陳威宇,False,0,81
14714,王建华,False,1,81
14715,陳建宇,False,0,81
14716,陳志偉,False,0,81
14717,陳秀美,False,0,81
14718,陳威宇,False,0,81
14719,陳建宇,False,0,81
14720,陳建宇,False,0,81
14721,陳柏睿,False,0,81
14722,陳柏睿,False,0,81
14723,陳志偉,False,0,81
14724,王建华,False,1,81
14725,陳柏睿,False,0,81
14726,陳威宇,False,0,81
14727,陳柏睿,False,0,81
14728,陳建宇,False,0,81
14729,王建华,False,1,81
14730,陳志偉,False,0,81
14731,王秀兰,False,1,81
14732,陳威宇,False,0,81
14733,王秀梅,False,1,81
14734,陳建宇,False,0,81
14735,陳柏睿,False,0,81
14736,陳建宇,False,0,81
14737,王建华,False,1,81
14738,陳柏睿,False,0,81
14739,陳志偉,False,0,81
14740,陳威宇,False,0,81
14741,陳志偉,False,0,81
14742,陳建宇,False,0,81
14743,陳志偉,False,0,81
14744,陳志偉,False,0,81
14745,陳志偉,False,0,81
14746,陳志偉,False,0,81
14747,王建华,False,1,81
14748,王建华,False,1,81
14749,王秀梅,False,1,81
14750,陳建宇,False,0,81
14751,李秀华,False,1,81
14752,陳柏睿,False,0,81
14753,李秀华,False,1,81
14754,陳志偉,False,0,81
14755,王建华,False,1,81
14756,陳志偉,False,0,81
14757,李秀华,False,1,81
14758,陳建宇,False,0,81
14759,陳建宇,False,0,81
14760,林明德,False,0,82
14761,林建宏,False,0,82
14762,林明德,False,0,82
14763,林建宏,False,0,82
14764,林明德,False,0,82
14765,林明德,False,0,82
14766,林明德,False,0,82
14767,林明德,False,0,82
14768,林明德,False,0,82
14769,林明德,False,0,82
14770,林建宏,False,0,82
14771,林明德,False,0,82
14772,林明德,False,0,82
14773,林建宏,False,0,82
14774,林明德,False,0,82
14775,林明德,False,0,82
14776,林明德,False,0,82
14777,林明德,False,0,82
14778,林明德,False,0,82
14779,林明德,False,0,82
14780,林明德,False,0,82
14781,林明德,False,0,82
14782,林建成,False,0,82
14783,林建成,False,0,82
14784,林明德,False,0,82
14785,林志鴻,False,0,82
14786,林明德,False,0,82
14787,林明德,False,0,82
14788,林明德,False,0,82
14789,林明德,False,0,82
14790,林建成,False,0,82
14791,林明德,False,0,82
14792,李桂芝,False,1,82
14793,林建宏,False,0,82
14794,林明德,False,0,82
14795,林建宏,False,0,82
14796,林明德,False,0,82
14797,林明德,False,0,82
14798,林明德,False,0,82
14799,林建宏,False,0,82
14800,林明德,False,0,82
14801,李玉珍,False,1,82
14802,林明德,False,0,82
14803,林明德,False,0,82
14804,林明德,False,0,82
14805,林明德,False,0,82
14806,林建宏,False,0,82
14807,林明德,False,0,82
14808,林明德,False,0,82
14809,林明德,False,0,82
14810,李雪梅,False,1,82
14811,林建成,False,0,82
14812,林建成,False,0,82
14813,林明德,False,0,82
14814,林明德,False,0,82
14815,林明德,False,0,82
14816,林明德,False,0,82
14817,林建成,False,0,82
14818,林明德,False,0,82
14819,林建宏,False,0,82
14820,林明德,False,0,82
14821,林建宏,False,0,82
14822,李玉珍,False,1,82
14823,林建成,False,0,82
14824,林明德,False,0,82
14825,李雪梅,False,1,82
14826,李桂芝,False,1,82
14827,林建宏,False,0,82
14828,林明德,False,0,82
14829,林建宏,False,0,82
14830,林明德,False,0,82
14831,李桂芝,False,1,82
14832,林明德,False,0,82
14833,林明德,False,0,82
14834,林明德,False,0,82
14835,林明德,False,0,82
14836,林建成,False,0,82
14837,林建宏,False,0,82
14838,林明德,False,0,82
14839,林明德,False,0,82
14840,林明德,False,0,82
14841,林明德,False,0,82
14842,林明德,False,0,82
14843,林建成,False,0,82
14844,林建成,False,0,82
14845,林建成,False,0,82
14846,李雪梅,False,1,82
14847,楊承翰,False,0,82
14848,林明德,False,0,82
14849,林明德,False,0,82
14850,林建成,False,0,82
14851,林明德,False,0,82
14852,林明德,False,0,82
14853,林明德,False,0,82
14854,李丹丹,False,1,82
14855,林明德,False,0,82
14856,林建宏,False,0,82
14857,林明德,False,0,82
14858,林明德,False,0,82
14859,林建宏,False,0,82
14860,林明德,False,0,82
14861,林明德,False,0,82
14862,林建宏,False,0,82
14863,林明德,False,0,82
14864,林明德,False,0,82
14865,林明德,False,0,82
14866,林明德,False,0,82
14867,李桂芝,False,1,82
14868,林建成,False,0,82
14869,林明德,False,0,82
14870,李桂芝,False,1,82
14871,林明德,False,0,82
14872,林志鴻,False,0,82
14873,林明德,False,0,82
14874,林明德,False,0,82
14875,林建宏,False,0,82
14876,林明德,False,0,82
14877,林明德,False,0,82
14878,林明德,False,0,82
14879,林明德,False,0,82
14880,林建宏,False,0,82
14881,林明德,False,0,82
14882,林明德,False,0,82
14883,林明德,False,0,82
14884,林明德,False,0,82
14885,林明德,False,0,82
14886,林建成,False,0,82
14887,林建成,False,0,82
14888,李桂芝,False,1,82
14889,林明德,False,0,82
14890,李雪梅,False,1,82
14891,林明德,False,0,82
14892,李雪梅,False,1,82
14893,林明德,False,0,82
14894,林明德,False,0,82
14895,林明德,False,0,82
14896,林明德,False,0,82
14897,林明德,False,0,82
14898,林建宏,False,0,82
14899,林明德,False,0,82
14900,林明德,False,0,82
14901,林明德,False,0,82
14902,林建成,False,0,82
14903,林建宏,False,0,82
14904,林明德,False,0,82
14905,林建成,False,0,82
14906,林明德,False,0,82
14907,林明德,False,0,82
14908,林明德,False,0,82
14909,林明德,False,0,82
14910,林建成,False,0,82
14911,林明德,False,0,82
14912,李桂芝,False,1,82
14913,林明德,False,0,82
14914,林明德,False,0,82
14915,李桂芝,False,1,82
14916,林明德,False,0,82
14917,林明德,False,0,82
14918,林建宏,False,0,82
14919,林明德,False,0,82
14920,林建成,False,0,82
14921,林明德,False,0,82
14922,林明德,False,0,82
14923,林明德,False,0,82
14924,林明德,False,0,82
14925,李雪梅,False,1,82
14926,林建宏,False,0,82
14927,林明德,False,0,82
14928,林明德,False,0,82
14929,林明德,False,0,82
14930,林明德,False,0,82
14931,林建宏,False,0,82
14932,林建成,False,0,82
14933,林明德,False,0,82
14934,林明德,False,0,82
14935,林建成,False,0,82
14936,林明德,False,0,82
14937,林明德,False,0,82
14938,林明德,False,0,82
14939,林明德,False,0,82
14940,李秀珍,False,1,83
14941,李志强,False,1,83
14942,李宗翰,False,0,83
14943,李志强,False,1,83
14944,李志强,False,1,83
14945,李志强,False,1,83
14946,李志强,False,1,83
14947,李志强,False,1,83
14948,陳志豪,False,0,83
14949,李志强,False,1,83
14950,李志强,False,1,83
14951,李宗翰,False,0,83
14952,李志强,False,1,83
14953,李志强,False,1,83
14954,李志强,False,1,83
14955,李宗翰,False,0,83
14956,李志强,False,1,83
14957,李志强,False,1,83
14958,李宗翰,False,0,83
14959,李志强,False,1,83
14960,李志强,False,1,83
14961,陳志偉,False,0,83
14962,李淑华,False,1,83
14963,李志强,False,1,83
14964,李志强,False,1,83
14965,李宗翰,False,0,83
14966,李宗翰,False,0,83
14967,李宗翰,False,0,83
14968,李志强,False,1,83
14969,李宗翰,False,0,83
14970,李志强,False,1,83
14971,王建军,False,1,83
14972,李志强,False,1,83
14973,李志强,False,1,83
14974,李淑华,False,1,83
14975,李志强,False,1,83
14976,李志强,False,1,83
14977,李志强,False,1,83
14978,李志强,False,1,83
14979,李淑华,False,1,83
14980,李宗翰,False,0,83
14981,李志强,False,1,83
14982,李宗翰,False,0,83
14983,李宗翰,False,0,83
14984,李宗翰,False,0,83
14985,李志强,False,1,83
14986,李宗翰,False,0,83
14987,李宗翰,False,0,83
14988,李志强,False,1,83
14989,李志强,False,1,83
14990,李志强,False,1,83
14991,李志强,False,1,83
14992,李宗翰,False,0,83
14993,李志强,False,1,83
14994,李宗翰,False,0,83
14995,李志强,False,1,83
14996,王建军,False,1,83
14997,李志强,False,1,83
14998,李秀珍,False,1,83
14999,陳志偉,False,0,83
15000,李秀珍,False,1,83
15001,李宗翰,False,0,83
15002,王建军,False,1,83
15003,李志强,False,1,83
15004,李志强,False,1,83
15005,李宗翰,False,0,83
15006,李志强,False,1,83
15007,李志强,False,1,83
15008,李志强,False,1,83
15009,李宗翰,False,0,83
15010,李志强,False,1,83
15011,李宗翰,False,0,83
15012,王建军,False,1,83
15013,李宗翰,False,0,83
15014,李志强,False,1,83
15015,李秀珍,False,1,83
15016,李宗翰,False,0,83
15017,李宗翰,False,0,83
15018,李宗翰,False,0,83
15019,李志强,False,1,83
15020,李志强,False,1,83
15021,李志强,False,1,83
15022,李志强,False,1,83
15023,李秀珍,False,1,83
15024,李志强,False,1,83
15025,李志强,False,1,83
15026,陳志豪,False,0,83
15027,李志强,False,1,83
15028,李志强,False,1,83
15029,李志强,False,1,83
15030,李宗翰,False,0,83
15031,李宗翰,False,0,83
15032,李志强,False,1,83
15033,李志强,False,1,83
15034,陳志偉,False,0,83
15035,陳志豪,False,0,83
15036,李志强,False,1,83
15037,李秀珍,False,1,83
15038,李志强,False,1,83
15039,李淑华,False,1,83
15040,李宗翰,False,0,83
15041,李志强,False,1,83
15042,李志强,False,1,83
15043,李志强,False,1,83
15044,李志强,False,1,83
15045,李宗翰,False,0,83
15046,李宗翰,False,0,83
15047,陳志豪,False,0,83
15048,李志强,False,1,83
15049,陳志豪,False,0,83
15050,李宗翰,False,0,83
15051,李志强,False,1,83
15052,李志强,False,1,83
15053,李志强,False,1,83
15054,李志强,False,1,83
15055,李志强,False,1,83
15056,李宗翰,False,0,83
15057,李宗翰,False,0,83
15058,李志强,False,1,83
15059,李志强,False,1,83
15060,李志强,False,1,83
15061,李志强,False,1,83
15062,李宗翰,False,0,83
15063,李志强,False,1,83
15064,李志强,False,1,83
15065,陳志偉,False,0,83
15066,李宗翰,False,0,83
15067,李宗翰,False,0,83
15068,李志强,False,1,83
15069,李志强,False,1,83
15070,李志强,False,1,83
15071,王建军,False,1,83
15072,李志强,False,1,83
15073,李志强,False,1,83
15074,李志强,False,1,83
15075,李宗翰,False,0,83
15076,李志强,False,1,83
15077,李宗翰,False,0,83
15078,李宗翰,False,0,83
15079,李志强,False,1,83
15080,李志强,False,1,83
15081,林秀玲,False,0,83
15082,李志强,False,1,83
15083,李宗翰,False,0,83
15084,李宗翰,False,0,83
15085,李宗翰,False,0,83
15086,李志强,False,1,83
15087,李秀珍,False,1,83
15088,李宗翰,False,0,83
15089,李志强,False,1,83
15090,李宗翰,False,0,83
15091,李宗翰,False,0,83
15092,李淑华,False,1,83
15093,李志强,False,1,83
15094,李志强,False,1,83
15095,李志强,False,1,83
15096,李志强,False,1,83
15097,陳志偉,False,0,83
15098,陳志豪,False,0,83
15099,李志强,False,1,83
15100,李志强,False,1,83
15101,陳志偉,False,0,83
15102,李志强,False,1,83
15103,李志强,False,1,83
15104,李志强,False,1,83
15105,李宗翰,False,0,83
15106,李志强,False,1,83
15107,李志强,False,1,83
15108,李志强,False,1,83
15109,李志强,False,1,83
15110,李志强,False,1,83
15111,王建军,False,1,83
15112,李志强,False,1,83
15113,李宗翰,False,0,83
15114,李宗翰,False,0,83
15115,李宗翰,False,0,83
15116,李宗翰,False,0,83
15117,李宗翰,False,0,83
15118,李志强,False,1,83
15119,李志强,False,1,83
15120,陳柏宏,False,0,84
15121,陳信宏,False,0,84
15122,陳俊傑,False,0,84
15123,陳俊傑,False,0,84
15124,陳柏安,False,0,84
15125,陳昱安,False,0,84
15126,陳柏宏,False,0,84
15127,陳柏宏,False,0,84
15128,陳俊傑,False,0,84
15129,陳柏宏,False,0,84
15130,陳信宏,False,0,84
15131,陳柏安,False,0,84
15132,陳信宏,False,0,84
15133,陳信宏,False,0,84
15134,陳昱安,False,0,84
15135,吳宗翰,False,0,84
15136,陳信宏,False,0,84
15137,陳俊傑,False,0,84
15138,陳柏宏,False,0,84
15139,陳柏安,False,0,84
15140,陳俊傑,False,0,84
15141,陳柏安,False,0,84
15142,陳信宏,False,0,84
15143,陳柏宏,False,0,84
15144,陳昱安,False,0,84
15145,陳柏宏,False,0,84
15146,陳柏宏,False,0,84
15147,陳柏安,False,0,84
15148,陳信宏,False,0,84
15149,陳信宏,False,0,84
15150,陳俊傑,False,0,84
15151,陳俊傑,False,0,84
15152,陳柏宏,False,0,84
15153,陳昱安,False,0,84
15154,陳信宏,False,0,84
15155,陳柏宏,False,0,84
15156,陳昱安,False,0,84
15157,李建国,False,1,84
15158,陳柏宏,False,0,84
15159,陳俊傑,False,0,84
15160,陳俊傑,False,0,84
15161,陳柏安,False,0,84
15162,陳俊傑,False,0,84
15163,陳俊傑,False,0,84
15164,陳柏安,False,0,84
15165,陳俊傑,False,0,84
15166,陳柏安,False,0,84
15167,陳柏安,False,0,84
15168,陳柏宏,False,0,84
15169,陳俊傑,False,0,84
15170,陳俊傑,False,0,84
15171,陳昱安,False,0,84
15172,陳柏宏,False,0,84
15173,陳柏安,False,0,84
15174,陳昱安,False,0,84
15175,陳柏宏,False,0,84
15176,陳信宏,False,0,84
15177,陳柏宏,False,0,84
15178,陳信宏,False,0,84
15179,陳柏安,False,0,84
15180,陳柏宏,False,0,84
15181,陳俊傑,False,0,84
15182,陳俊傑,False,0,84
15183,陳俊傑,False,0,84
15184,陳昱安,False,0,84
15185,陳柏安,False,0,84
15186,陳俊傑,False,0,84
15187,陳信宏,False,0,84
15188,陳信宏,False,0,84
15189,陳信宏,False,0,84
15190,陳柏宏,False,0,84
15191,陳昱安,False,0,84
15192,陳信宏,False,0,84
15193,陳柏宏,False,0,84
15194,陳信宏,False,0,84
15195,陳昱安,False,0,84
15196,陳柏宏,False,0,84
15197,陳信宏,False,0,84
15198,陳柏安,False,0,84
15199,陳柏安,False,0,84
15200,陳昱安,False,0,84
15201,陳昱安,False,0,84
15202,陳信宏,False,0,84
15203,陳信宏,False,0,84
15204,陳信宏,False,0,84
15205,陳俊傑,False,0,84
15206,陳柏安,False,0,84
15207,陳柏宏,False,0,84
15208,陳柏安,False,0,84
15209,陳俊傑,False,0,84
15210,陳信宏,False,0,84
15211,陳俊傑,False,0,84
15212,陳信宏,False,0,84
15213,陳信宏,False,0,84
15214,陳柏宏,False,0,84
15215,陳俊傑,False,0,84
15216,陳信宏,False,0,84
15217,陳柏安,False,0,84
15218,陳俊傑,False,0,84
15219,陳俊傑,False,0,84
15220,陳柏宏,False,0,84
15221,陳柏宏,False,0,84
15222,陳柏宏,False,0,84
15223,陳柏安,False,0,84
15224,陳信宏,False,0,84
15225,陳俊傑,False,0,84
15226,陳俊傑,False,0,84
15227,陳俊傑,False,0,84
15228,陳俊傑,False,0,84
15229,陳柏宏,False,0,84
15230,陳信宏,False,0,84
15231,陳信宏,False,0,84
15232,陳柏宏,False,0,84
15233,陳柏宏,False,0,84
15234,陳俊傑,False,0,84
15235,陳信宏,False,0,84
15236,陳信宏,False,0,84
15237,陳柏宏,False,0,84
15238,陳信宏,False,0,84
15239,陳柏安,False,0,84
15240,陳昱安,False,0,84
15241,陳柏宏,False,0,84
15242,陳柏宏,False,0,84
15243,陳信宏,False,0,84
15244,陳俊傑,False,0,84
15245,陳柏安,False,0,84
15246,陳俊傑,False,0,84
15247,陳俊傑,False,0,84
15248,陳柏宏,False,0,84
15249,陳柏安,False,0,84
15250,陳信宏,False,0,84
15251,陳昱安,False,0,84
15252,陳俊傑,False,0,84
15253,陳俊傑,False,0,84
15254,陳俊傑,False,0,84
15255,陳俊傑,False,0,84
15256,陳昱安,False,0,84
15257,陳昱安,False,0,84
15258,陳信宏,False,0,84
15259,陳俊傑,False,0,84
15260,陳信宏,False,0,84
15261,陳信宏,False,0,84
15262,陳柏安,False,0,84
15263,陳柏宏,False,0,84
15264,陳俊傑,False,0,84
15265,陳俊傑,False,0,84
15266,陳信宏,False,0,84
15267,陳柏安,False,0,84
15268,陳柏宏,False,0,84
15269,陳柏安,False,0,84
15270,陳信宏,False,0,84
15271,陳昱安,False,0,84
15272,陳信宏,False,0,84
15273,陳昱安,False,0,84
15274,陳柏宏,False,0,84
15275,陳信宏,False,0,84
15276,陳昱安,False,0,84
15277,陳柏安,False,0,84
15278,陳柏宏,False,0,84
15279,陳柏宏,False,0,84
15280,陳信宏,False,0,84
15281,陳昱安,False,0,84
15282,陳昱安,False,0,84
15283,陳柏安,False,0,84
15284,陳昱安,False,0,84
15285,陳信宏,False,0,84
15286,陳俊傑,False,0,84
15287,陳信宏,False,0,84
15288,陳俊傑,False,0,84
15289,陳柏宏,False,0,84
15290,陳俊傑,False,0,84
15291,陳信宏,False,0,84
15292,陳俊傑,False,0,84
15293,陳俊傑,False,0,84
15294,陳信宏,False,0,84
15295,陳俊傑,False,0,84
15296,陳俊傑,False,0,84
15297,陳柏宏,False,0,84
15298,陳俊傑,False,0,84
15299,陳柏宏,False,0,84
15300,林冠宇,False,0,85
15301,林秀英,False,0,85
15302,林秀英,False,0,85
15303,王怡婷,False,0,85
15304,林冠廷,False,0,85
15305,李俊毅,False,0,85
15306,李俊毅,False,0,85
15307,林冠宇,False,0,85
15308,王红梅,False,1,85
15309,王淑华,False,1,85
15310,,True,-1,85
15311,王淑华,False,1,85
15312,林秀英,False,0,85
15313,林冠宇,False,0,85
15314,林冠廷,False,0,85
15315,王怡婷,False,0,85
15316,林冠廷,False,0,85
15317,李淑珍,False,1,85
15318,王淑华,False,1,85
15319,王丽华,False,1,85
15320,王淑华,False,1,85
15321,王淑华,False,1,85
15322,李俊毅,False,0,85
15323,王淑英,False,1,85
15324,林冠宇,False,0,85
15325,王淑华,False,1,85
15326,林冠宇,False,0,85
15327,李淑珍,False,1,85
15328,林冠宇,False,0,85
15329,林秀英,False,0,85
15330,林冠宇,False,0,85
15331,林冠廷,False,0,85
15332,王淑华,False,1,85
15333,李俊毅,False,0,85
15334,林冠廷,False,0,85
15335,王淑华,False,1,85
15336,王红梅,False,1,85
15337,王淑华,False,1,85
15338,王淑华,False,1,85
15339,林冠廷,False,0,85
15340,王淑英,False,1,85
15341,李俊毅,False,0,85
15342,林冠宇,False,0,85
15343,王淑华,False,1,85
15344,林秀英,False,0,85
15345,李俊毅,False,0,85
15346,林冠宇,False,0,85
15347,林冠廷,False,0,85
15348,林冠廷,False,0,85
15349,林冠廷,False,0,85
15350,李俊毅,False,0,85
15351,林秀英,False,0,85
15352,王淑英,False,1,85
15353,王怡婷,False,0,85
15354,林冠宇,False,0,85
15355,林冠宇,False,0,85
15356,王丽华,False,1,85
15357,王淑华,False,1,85
15358,林秀英,False,0,85
15359,林秀英,False,0,85
15360,王淑华,False,1,85
15361,林秀英,False,0,85
15362,李俊毅,False,0,85
15363,李俊毅,False,0,85
15364,林冠宇,False,0,85
15365,林秀英,False,0,85
15366,王淑英,False,1,85
15367,李俊毅,False,0,85
15368,王淑华,False,1,85
15369,王淑华,False,1,85
15370,王淑英,False,1,85
15371,林冠宇,False,0,85
15372,王淑华,False,1,85
15373,王丽华,False,1,85
15374,林秀英,False,0,85
15375,王怡婷,False,0,85
15376,王淑华,False,1,85
15377,林冠宇,False,0,85
15378,王桂香,False,1,85
15379,李俊毅,False,0,85
15380,王丽华,False,1,85
15381,王红梅,False,1,85
15382,王淑英,False,1,85
15383,王桂香,False,1,85
15384,王怡婷,False,0,85
15385,李俊毅,False,0,85
15386,王淑华,False,1,85
15387,李俊毅,False,0,85
15388,王淑华,False,1,85
15389,王淑华,False,1,85
15390,李俊毅,False,0,85
15391,李俊毅,False,0,85
15392,李俊毅,False,0,85
15393,林冠廷,False,0,85
15394,王丽华,False,1,85
15395,林秀英,False,0,85
15396,林冠廷,False,0,85
15397,林冠廷,False,0,85
15398,王丽华,False,1,85
15399,林秀英,False,0,85
15400,林冠廷,False,0,85
15401,王淑华,False,1,85
15402,李俊毅,False,0,85
15403,林冠廷,False,0,85
15404,林冠宇,False,0,85
15405,林秀英,False,0,85
15406,李淑珍,False,1,85
15407,王淑华,False,1,85
15408,王淑华,False,1,85
15409,林冠廷,False,0,85
15410,林冠廷,False,0,85
15411,林秀英,False,0,85
15412,王淑华,False,1,85
15413,王淑华,False,1,85
15414,王淑华,False,1,85
15415,王淑华,False,1,85
15416,李俊毅,False,0,85
15417,王淑英,False,1,85
15418,王淑华,False,1,85
15419,王怡婷,False,0,85
15420,王丽华,False,1,85
15421,王淑华,False,1,85
15422,李俊毅,False,0,85
15423,林冠宇,False,0,85
15424,林冠廷,False,0,85
15425,王淑华,False,1,85
15426,王淑华,False,1,85
15427,林冠宇,False,0,85
15428,李俊毅,False,0,85
15429,王淑华,False,1,85
15430,林秀英,False,0,85
15431,林秀英,False,0,85
15432,王怡婷,False,0,85
15433,林秀英,False,0,85
15434,王淑华,False,1,85
15435,王淑英,False,1,85
15436,李俊毅,False,0,85
15437,王淑英,False,1,85
15438,李俊毅,False,0,85
15439,李俊毅,False,0,85
15440,王淑华,False,1,85
15441,林冠宇,False,0,85
15442,林冠廷,False,0,85
15443,王淑华,False,1,85
15444,王玉梅,False,1,85
15445,林冠宇,False,0,85
15446,王怡婷,False,0,85
15447,林冠廷,False,0,85
15448,王淑华,False,1,85
15449,林冠宇,False,0,85
15450,林秀英,False,0,85
15451,王淑华,False,1,85
15452,林冠宇,False,0,85
15453,林冠宇,False,0,85
15454,林秀英,False,0,85
15455,林冠宇,False,0,85
15456,林秀英,False,0,85
15457,林冠廷,False,0,85
15458,王淑华,False,1,85
15459,李俊毅,False,0,85
15460,李俊毅,False,0,85
15461,林秀英,False,0,85
15462,王淑华,False,1,85
15463,林冠廷,False,0,85
15464,林冠廷,False,0,85
15465,林秀英,False,0,85
15466,林冠宇,False,0,85
15467,林冠廷,False,0,85
15468,林秀英,False,0,85
15469,,True,-1,85
15470,林秀英,False,0,85
15471,李俊毅,False,0,85
15472,王怡婷,False,0,85
15473,林冠廷,False,0,85
15474,林秀英,False,0,85
15475,王淑华,False,1,85
15476,王红梅,False,1,85
15477,王淑华,False,1,85
15478,王淑华,False,1,85
15479,陳宥廷,False,0,85
15480,林明德,False,0,86
15481,林明德,False,0,86
15482,林明德,False,0,86
15483,李淑珍,False,1,86
15484,王秀芳,False,1,86
15485,李婷婷,False,1,86
15486,林明德,False,0,86
15487,林明德,False,0,86
15488,李玉华,False,1,86
15489,李婷婷,False,1,86
15490,林明德,False,0,86
15491,李淑珍,False,1,86
15492,林明德,False,0,86
15493,林明德,False,0,86
15494,李淑珍,False,1,86
15495,王秀芳,False,1,86
15496,林明德,False,0,86
15497,林明德,False,0,86
15498,林明德,False,0,86
15499,李婷婷,False,1,86
15500,林明德,False,0,86
15501,林明德,False,0,86
15502,王怡婷,False,0,86
15503,林明德,False,0,86
15504,林明德,False,0,86
15505,林明德,False,0,86
15506,林明德,False,0,86
15507,林明德,False,0,86
15508,林明德,False,0,86
15509,李淑珍,False,1,86
15510,林明德,False,0,86
15511,林明德,False,0,86
15512,李淑珍,False,1,86
15513,林明德,False,0,86
15514,王秀芳,False,1,86
15515,林明德,False,0,86
15516,李淑珍,False,1,86
15517,林明德,False,0,86
15518,王秀芳,False,1,86
15519,林明德,False,0,86
15520,林明德,False,0,86
15521,李婷婷,False,1,86
15522,林明德,False,0,86
15523,李淑珍,False,1,86
15524,李淑珍,False,1,86
15525,林明德,False,0,86
15526,林明德,False,0,86
15527,林明德,False,0,86
15528,林明德,False,0,86
15529,林明德,False,0,86
15530,林明德,False,0,86
15531,李玉华,False,1,86
15532,王怡婷,False,0,86
15533,李婷婷,False,1,86
15534,王秀芳,False,1,86
15535,李婷婷,False,1,86
15536,林明德,False,0,86
15537,林明德,False,0,86
15538,李玉华,False,1,86
15539,林明德,False,0,86
15540,林明德,False,0,86
15541,李淑珍,False,1,86
15542,王秀芳,False,1,86
15543,林明德,False,0,86
15544,王秀芳,False,1,86
15545,林明德,False,0,86
15546,林明德,False,0,86
15547,林明德,False,0,86
15548,林明德,False,0,86
15549,李婷婷,False,1,86
15550,林明德,False,0,86
15551,王怡婷,False,0,86
15552,王秀芳,False,1,86
15553,林明德,False,0,86
15554,林明德,False,0,86
15555,林明德,False,0,86
15556,林明德,False,0,86
15557,林明德,False,0,86
15558,林明德,False,0,86
15559,林明德,False,0,86
15560,王秀芳,False,1,86
15561,李婷婷,False,1,86
15562,王秀芳,False,1,86
15563,林明德,False,0,86
15564,李淑珍,False,1,86
15565,林明德,False,0,86
15566,林明德,False,0,86
15567,林明德,False,0,86
15568,林明德,False,0,86
15569,林明德,False,0,86
15570,林明德,False,0,86
15571,林明德,False,0,86
15572,林明德,False,0,86
15573,林明德,False,0,86
15574,林明德,False,0,86
15575,王秀芳,False,1,86
15576,林明德,False,0,86
15577,林明德,False,0,86
15578,林明德,False,0,86
15579,林明德,False,0,86
15580,林明德,False,0,86
15581,林明德,False,0,86
15582,李玉华,False,1,86
15583,林明德,False,0,86
15584,李婷婷,False,1,86
15585,林明德,False,0,86
15586,王秀芳,False,1,86
15587,林明德,False,0,86
15588,林明德,False,0,86
15589,王秀芳,False,1,86
15590,林明德,False,0,86
15591,林明德,False,0,86
15592,李婷婷,False,1,86
15593,王秀芳,False,1,86
15594,林明德,False,0,86
15595,李淑珍,False,1,86
15596,王秀芳,False,1,86
15597,王秀芳,False,1,86
15598,李玉华,False,1,86
15599,林明德,False,0,86
15600,林明德,False,0,86
15601,林明德,False,0,86
15602,林明德,False,0,86
15603,王秀芳,False,1,86
15604,林明德,False,0,86
15605,林明德,False,0,86
15606,林明德,False,0,86
15607,李婷婷,False,1,86
15608,李婷婷,False,1,86
15609,李淑珍,False,1,86
15610,李玉华,False,1,86
15611,林明德,False,0,86
15612,林明德,False,0,86
15613,林明德,False,0,86
15614,李婷婷,False,1,86
15615,林明德,False,0,86
15616,林明德,False,0,86
15617,林明德,False,0,86
15618,林明德,False,0,86
15619,林明德,False,0,86
15620,李婷婷,False,1,86
15621,王怡婷,False,0,86
15622,林明德,False,0,86
15623,李婷婷,False,1,86
15624,林明德,False,0,86
15625,王怡婷,False,0,86
15626,林明德,False,0,86
15627,李玉华,False,1,86
15628,林明德,False,0,86
15629,李淑珍,False,1,86
15630,林明德,False,0,86
15631,林明德,False,0,86
15632,李淑珍,False,1,86
15633,李婷婷,False,1,86
15634,林明德,False,0,86
15635,林明德,False,0,86
15636,林明德,False,0,86
15637,林明德,False,0,86
15638,林明德,False,0,86
15639,林明德,False,0,86
15640,李淑珍,False,1,86
15641,李婷婷,False,1,86
15642,林明德,False,0,86
15643,李婷婷,False,1,86
15644,王秀芳,False,1,86
15645,林明德,False,0,86
15646,林明德,False,0,86
15647,林明德,False,0,86
15648,王秀芳,False,1,86
15649,李婷婷,False,1,86
15650,林明德,False,0,86
15651,李婷婷,False,1,86
15652,林明德,False,0,86
15653,李淑珍,False,1,86
15654,林明德,False,0,86
15655,林明德,False,0,86
15656,李婷婷,False,1,86
15657,林明德,False,0,86
15658,林明德,False,0,86
15659,林明德,False,0,86
15660,楊承翰,False,0,87
15661,張哲瑋,False,0,87
15662,张桂荣,False,1,87
15663,陳建宇,False,0,87
15664,张玉华,False,1,87
15665,林正雄,False,0,87
15666,王秀梅,False,1,87
15667,吳俊賢,False,0,87
15668,林正雄,False,0,87
15669,張哲瑋,False,0,87
15670,張哲瑋,False,0,87
15671,张玉英,False,1,87
15672,陳建宇,False,0,87
15673,陳柏翰,False,0,87
15674,陳建宇,False,0,87
15675,林正雄,False,0,87
15676,林正雄,False,0,87
15677,陳建宇,False,0,87
15678,林正雄,False,0,87
15679,陳建宇,False,0,87
15680,王秀英,False,1,87
15681,陳俊佑,False,0,87
15682,陳建宇,False,0,87
15683,陳建宇,False,0,87
15684,陳柏翰,False,0,87
15685,張哲瑋,False,0,87
15686,张哲瑋,True,-1,87
15687,林正雄,False,0,87
15688,张哲瑋,True,-1,87
15689,林正雄,False,0,87
15690,陳建宇,False,0,87
15691,林正雄,False,0,87
15692,陳建宇,False,0,87
15693,陳建宇,False,0,87
15694,陳建宇,False,0,87
15695,陳建宇,False,0,87
15696,林正雄,False,0,87
15697,林正雄,False,0,87
15698,陳柏翰,False,0,87
15699,王秀英,False,1,87
15700,林正雄,False,0,87
15701,王秀梅,False,1,87
15702,陳俊佑,False,0,87
15703,林正雄,False,0,87
15704,陳建宇,False,0,87
15705,张玉华,False,1,87
15706,林正雄,False,0,87
15707,陳建宇,False,0,87
15708,林正雄,False,0,87
15709,王秀梅,False,1,87
15710,陳俊佑,False,0,87
15711,陳建宇,False,0,87
15712,陳建宇,False,0,87
15713,陳建宇,False,0,87
15714,李玉兰,False,1,87
15715,林正雄,False,0,87
15716,林正雄,False,0,87
15717,林美玉,False,0,87
15718,陳建宇,False,0,87
15719,王秀梅,False,1,87
15720,陳俊佑,False,0,87
15721,林正雄,False,0,87
15722,王秀英,False,1,87
15723,林正雄,False,0,87
15724,林正雄,False,0,87
15725,林正雄,False,0,87
15726,陳建宇,False,0,87
15727,陳俊佑,False,0,87
15728,林正雄,False,0,87
15729,王秀英,False,1,87
15730,陳柏翰,False,0,87
15731,陳建宇,False,0,87
15732,陳俊佑,False,0,87
15733,林正雄,False,0,87
15734,林正雄,False,0,87
15735,林正雄,False,0,87
15736,林正雄,False,0,87
15737,林正雄,False,0,87
15738,陳建宇,False,0,87
15739,陳建宇,False,0,87
15740,陳建宇,False,0,87
15741,张玉英,False,1,87
15742,林正雄,False,0,87
15743,陳柏翰,False,0,87
15744,陳建宇,False,0,87
15745,吳俊賢,False,0,87
15746,陳建宇,False,0,87
15747,陳建宇,False,0,87
15748,陳建宇,False,0,87
15749,陳建宇,False,0,87
15750,楊承翰,False,0,87
15751,张玉华,False,1,87
15752,陳建宇,False,0,87
15753,陳建宇,False,0,87
15754,陳建宇,False,0,87
15755,林正雄,False,0,87
15756,陳建宇,False,0,87
15757,林正雄,False,0,87
15758,張哲瑋,False,0,87
15759,林正雄,False,0,87
15760,陳建宇,False,0,87
15761,陳建宇,False,0,87
15762,林正雄,False,0,87
15763,王秀梅,False,1,87
15764,陳柏翰,False,0,87
15765,陳建宇,False,0,87
15766,陳建宇,False,0,87
15767,林正雄,False,0,87
15768,张玉华,False,1,87
15769,張哲瑋,False,0,87
15770,陳俊佑,False,0,87
15771,陳建宇,False,0,87
15772,林正雄,False,0,87
15773,陳建宇,False,0,87
15774,張哲瑋,False,0,87
15775,陳建宇,False,0,87
15776,陳柏翰,False,0,87
15777,陳建宇,False,0,87
15778,陳建宇,False,0,87
15779,林美玉,False,0,87
15780,陳俊佑,False,0,87
15781,林正雄,False,0,87
15782,陳建宇,False,0,87
15783,王秀英,False,1,87
15784,陳建宇,False,0,87
15785,陳建宇,False,0,87
15786,陳俊佑,False,0,87
15787,楊承翰,False,0,87
15788,林正雄,False,0,87
15789,楊承翰,False,0,87
15790,王秀梅,False,1,87
15791,林正雄,False,0,87
15792,林正雄,False,0,87
15793,陳俊佑,False,0,87
15794,陳俊佑,False,0,87
15795,林正雄,False,0,87
15796,林美玉,False,0,87
15797,林正雄,False,0,87
15798,陳柏翰,False,0,87
15799,陳建宇,False,0,87
15800,林正雄,False,0,87
15801,林正雄,False,0,87
15802,陳建宇,False,0,87
15803,林正雄,False,0,87
15804,张哲瑋,True,-1,87
15805,林正雄,False,0,87
15806,王秀英,False,1,87
15807,楊承翰,False,0,87
15808,王秀英,False,1,87
15809,張哲瑋,False,0,87
15810,林正雄,False,0,87
15811,林正雄,False,0,87
15812,張哲瑋,False,0,87
15813,林正雄,False,0,87
15814,陳建宇,False,0,87
15815,楊承翰,False,0,87
15816,林美玉,False,0,87
15817,林正雄,False,0,87
15818,张玉华,False,1,87
15819,林正雄,False,0,87
15820,林正雄,False,0,87
15821,林正雄,False,0,87
15822,林美玉,False,0,87
15823,陳建宇,False,0,87
15824,陳建宇,False,0,87
15825,陳建宇,False,0,87
15826,陳建宇,False,0,87
15827,陳建宇,False,0,87
15828,陳建宇,False,0,87
15829,林美玉,False,0,87
15830,林美玉,False,0,87
15831,陳建宇,False,0,87
15832,张哲瑋,True,-1,87
15833,林正雄,False,0,87
15834,王秀英,False,1,87
15835,陳建宇,False,0,87
15836,林正雄,False,0,87
15837,陳建宇,False,0,87
15838,林美玉,False,0,87
15839,陳建宇,False,0,87
15840,林建成,False,0,88
15841,林信宏,False,0,88
15842,林冠宏,False,0,88
15843,林建成,False,0,88
15844,陳文彬,False,0,88
15845,林秀英,False,0,88
15846,林信宏,False,0,88
15847,李建国,False,1,88
15848,林冠宏,False,0,88
15849,林秀英,False,0,88
15850,林信宏,False,0,88
15851,林信宏,False,0,88
15852,林信宏,False,0,88
15853,林建成,False,0,88
15854,林冠宏,False,0,88
15855,林信宏,False,0,88
15856,林信宏,False,0,88
15857,林信宏,False,0,88
15858,林信宏,False,0,88
15859,李建国,False,1,88
15860,林信宏,False,0,88
15861,张建军,False,1,88
15862,张建军,False,1,88
15863,林秀英,False,0,88
15864,张哲維,True,-1,88
15865,林冠宏,False,0,88
15866,林信宏,False,0,88
15867,林建成,False,0,88
15868,林冠宏,False,0,88
15869,林建成,False,0,88
15870,林信宏,False,0,88
15871,林建成,False,0,88
15872,林信宏,False,0,88
15873,林建成,False,0,88
15874,林信宏,False,0,88
15875,林冠宏,False,0,88
15876,林信宏,False,0,88
15877,林建成,False,0,88
15878,林建成,False,0,88
15879,林建成,False,0,88
15880,林建成,False,0,88
15881,林信宏,False,0,88
15882,张建军,False,1,88
15883,林信宏,False,0,88
15884,林建成,False,0,88
15885,陳文彬,False,0,88
15886,林冠宏,False,0,88
15887,林信宏,False,0,88
15888,林冠宏,False,0,88
15889,林冠宏,False,0,88
15890,林冠宏,False,0,88
15891,林信宏,False,0,88
15892,林信宏,False,0,88
15893,林建成,False,0,88
15894,林冠宏,False,0,88
15895,林信宏,False,0,88
15896,林信宏,False,0,88
15897,林建成,False,0,88
15898,林信宏,False,0,88
15899,林信宏,False,0,88
15900,林建成,False,0,88
15901,林冠宏,False,0,88
15902,林信宏,False,0,88
15903,林建成,False,0,88
15904,林冠宏,False,0,88
15905,李建国,False,1,88
15906,林信宏,False,0,88
15907,林冠宏,False,0,88
15908,林建成,False,0,88
15909,林秀英,False,0,88
15910,林秀英,False,0,88
15911,张桂珍,False,1,88
15912,林信宏,False,0,88
15913,林建成,False,0,88
15914,林建成,False,0,88
15915,林冠宏,False,0,88
15916,林建成,False,0,88
15917,林建成,False,0,88
15918,林信宏,False,0,88
15919,林建成,False,0,88
15920,林建成,False,0,88
15921,林信宏,False,0,88
15922,陳柏安,False,0,88
15923,林建成,False,0,88
15924,林秀英,False,0,88
15925,林冠宏,False,0,88
15926,林信宏,False,0,88
15927,林冠宏,False,0,88
15928,林信宏,False,0,88
15929,张建军,False,1,88
15930,林信宏,False,0,88
15931,林冠宏,False,0,88
15932,李建国,False,1,88
15933,林冠宏,False,0,88
15934,林冠宏,False,0,88
15935,林信宏,False,0,88
15936,林建成,False,0,88
15937,李建国,False,1,88
15938,林信宏,False,0,88
15939,林信宏,False,0,88
15940,林信宏,False,0,88
15941,林信宏,False,0,88
15942,林建成,False,0,88
15943,林信宏,False,0,88
15944,林信宏,False,0,88
15945,林冠宏,False,0,88
15946,林冠宏,False,0,88
15947,林建成,False,0,88
15948,李建国,False,1,88
15949,林信宏,False,0,88
15950,林信宏,False,0,88
15951,林信宏,False,0,88
15952,林冠宏,False,0,88
15953,林秀英,False,0,88
15954,林冠宏,False,0,88
15955,李建国,False,1,88
15956,林信宏,False,0,88
15957,林信宏,False,0,88
15958,林建成,False,0,88
15959,林信宏,False,0,88
15960,林建成,False,0,88
15961,林信宏,False,0,88
15962,林建成,False,0,88
15963,林信宏,False,0,88
15964,林信宏,False,0,88
15965,张建军,False,1,88
15966,林信宏,False,0,88
15967,林信宏,False,0,88
15968,林建成,False,0,88
15969,林冠宏,False,0,88
15970,林信宏,False,0,88
15971,林冠宏,False,0,88
15972,林冠宏,False,0,88
15973,李建国,False,1,88
15974,林信宏,False,0,88
15975,林信宏,False,0,88
15976,林信宏,False,0,88
15977,林冠宏,False,0,88
15978,林建成,False,0,88
15979,林信宏,False,0,88
15980,林信宏,False,0,88
15981,张建军,False,1,88
15982,林信宏,False,0,88
15983,林建成,False,0,88
15984,林冠宏,False,0,88
15985,林信宏,False,0,88
15986,林信宏,False,0,88
15987,林信宏,False,0,88
15988,林秀英,False,0,88
15989,林冠宏,False,0,88
15990,林信宏,False,0,88
15991,林冠宏,False,0,88
15992,林信宏,False,0,88
15993,林建成,False,0,88
15994,林建成,False,0,88
15995,李建国,False,1,88
15996,林建成,False,0,88
15997,林信宏,False,0,88
15998,林信宏,False,0,88
15999,林信宏,False,0,88
16000,林信宏,False,0,88
16001,林信宏,False,0,88
16002,林冠宏,False,0,88
16003,林信宏,False,0,88
16004,林冠宏,False,0,88
16005,林信宏,False,0,88
16006,林信宏,False,0,88
16007,林冠宏,False,0,88
16008,林秀英,False,0,88
16009,林信宏,False,0,88
16010,林冠宏,False,0,88
16011,林信宏,False,0,88
16012,林信宏,False,0,88
16013,林建成,False,0,88
16014,李建国,False,1,88
16015,林建成,False,0,88
16016,林信宏,False,0,88
16017,李建国,False,1,88
16018,林冠宏,False,0,88
16019,林信宏,False,0,88
16020,林明德,False,0,89
16021,陳威宇,False,0,89
16022,林明德,False,0,89
16023,林明德,False,0,89
16024,林明德,False,0,89
16025,林明德,False,0,89
16026,林明德,False,0,89
16027,林明德,False,0,89
16028,林明德,False,0,89
16029,林明德,False,0,89
16030,林明德,False,0,89
16031,林明德,False,0,89
16032,李秀梅,False,1,89
16033,林明德,False,0,89
16034,林俊宏,False,0,89
16035,林志鴻,False,0,89
16036,林志鴻,False,0,89
16037,林明德,False,0,89
16038,李秀梅,False,1,89
16039,林志鴻,False,0,89
16040,林明德,False,0,89
16041,林明德,False,0,89
16042,林志鴻,False,0,89
16043,林俊宏,False,0,89
16044,李秀梅,False,1,89
16045,林明德,False,0,89
16046,林明德,False,0,89
16047,林明德,False,0,89
16048,林明德,False,0,89
16049,林明德,False,0,89
16050,林明德,False,0,89
16051,李秀珍,False,1,89
16052,林明德,False,0,89
16053,林志鴻,False,0,89
16054,林明德,False,0,89
16055,林明德,False,0,89
16056,林俊宏,False,0,89
16057,林明德,False,0,89
16058,林明德,False,0,89
16059,林志鴻,False,0,89
16060,林明德,False,0,89
16061,李秀梅,False,1,89
16062,林明德,False,0,89
16063,林明德,False,0,89
16064,林明德,False,0,89
16065,李秀梅,False,1,89
16066,林明德,False,0,89
16067,李秀梅,False,1,89
16068,林明德,False,0,89
16069,李秀珍,False,1,89
16070,林明德,False,0,89
16071,林明德,False,0,89
16072,林明德,False,0,89
16073,林志鴻,False,0,89
16074,林志鴻,False,0,89
16075,林明德,False,0,89
16076,林明德,False,0,89
16077,林明德,False,0,89
16078,林志鴻,False,0,89
16079,林俊宏,False,0,89
16080,林明德,False,0,89
16081,林明德,False,0,89
16082,林明德,False,0,89
16083,李秀珍,False,1,89
16084,李秀珍,False,1,89
16085,林明德,False,0,89
16086,林明德,False,0,89
16087,林明德,False,0,89
16088,林明德,False,0,89
16089,林明德,False,0,89
16090,林明德,False,0,89
16091,林明德,False,0,89
16092,林明德,False,0,89
16093,李秀珍,False,1,89
16094,林明德,False,0,89
16095,林明德,False,0,89
16096,李秀珍,False,1,89
16097,林明德,False,0,89
16098,林明德,False,0,89
16099,林明德,False,0,89
16100,林明德,False,0,89
16101,林明德,False,0,89
16102,林明德,False,0,89
16103,林明德,False,0,89
16104,林明德,False,0,89
16105,李秀梅,False,1,89
16106,林明德,False,0,89
16107,林明德,False,0,89
16108,林明德,False,0,89
16109,林俊宏,False,0,89
16110,林明德,False,0,89
16111,林明德,False,0,89
16112,林明德,False,0,89
16113,林明德,False,0,89
16114,林志鴻,False,0,89
16115,林明德,False,0,89
16116,李秀梅,False,1,89
16117,李秀梅,False,1,89
16118,林明德,False,0,89
16119,林明德,False,0,89
16120,林明德,False,0,89
16121,林明德,False,0,89
16122,林明德,False,0,89
16123,李秀梅,False,1,89
16124,林明德,False,0,89
16125,林志鴻,False,0,89
16126,李秀珍,False,1,89
16127,林明德,False,0,89
16128,林俊宏,False,0,89
16129,李秀珍,False,1,89
16130,林明德,False,0,89
16131,李秀珍,False,1,89
16132,林明德,False,0,89
16133,林俊宏,False,0,89
16134,林明德,False,0,89
16135,林明德,False,0,89
16136,李秀珍,False,1,89
16137,林明德,False,0,89
16138,林明德,False,0,89
16139,林明德,False,0,89
16140,林明德,False,0,89
16141,林明德,False,0,89
16142,林明德,False,0,89
16143,李秀珍,False,1,89
16144,林志鴻,False,0,89
16145,林明德,False,0,89
16146,林志鴻,False,0,89
16147,林明德,False,0,89
16148,林明德,False,0,89
16149,林明德,False,0,89
16150,林明德,False,0,89
16151,林明德,False,0,89
16152,林明德,False,0,89
16153,林俊宏,False,0,89
16154,李秀梅,False,1,89
16155,林明德,False,0,89
16156,林明德,False,0,89
16157,林明德,False,0,89
16158,林明德,False,0,89
16159,林志鴻,False,0,89
16160,林俊宏,False,0,89
16161,林明德,False,0,89
16162,林明德,False,0,89
16163,林明德,False,0,89
16164,李丹丹,False,1,89
16165,林明德,False,0,89
16166,林明德,False,0,89
16167,林明德,False,0,89
16168,李秀珍,False,1,89
16169,林明德,False,0,89
16170,林明德,False,0,89
16171,林明德,False,0,89
16172,林志鴻,False,0,89
16173,林明德,False,0,89
16174,林明德,False,0,89
16175,林明德,False,0,89
16176,林明德,False,0,89
16177,林明德,False,0,89
16178,林俊宏,False,0,89
16179,林明德,False,0,89
16180,林明德,False,0,89
16181,林明德,False,0,89
16182,李秀珍,False,1,89
16183,林明德,False,0,89
16184,林明德,False,0,89
16185,林俊宏,False,0,89
16186,林明德,False,0,89
16187,林明德,False,0,89
16188,李秀珍,False,1,89
16189,林志鴻,False,0,89
16190,李秀珍,False,1,89
16191,李秀珍,False,1,89
16192,林明德,False,0,89
16193,林明德,False,0,89
16194,李秀珍,False,1,89
16195,林明德,False,0,89
16196,林明德,False,0,89
16197,李秀梅,False,1,89
16198,林明德,False,0,89
16199,林明德,False,0,89
16200,林美玲,False,0,90
16201,林子翔,False,0,90
16202,林美玲,False,0,90
16203,杨秀英,False,1,90
16204,林建良,False,0,90
16205,王丽丽,False,1,90
16206,林建良,False,0,90
16207,林建良,False,0,90
16208,林子翔,False,0,90
16209,林子翔,False,0,90
16210,林美玲,False,0,90
16211,陳冠宏,False,0,90
16212,林建良,False,0,90
16213,林建良,False,0,90
16214,林建良,False,0,90
16215,林子翔,False,0,90
16216,林子翔,False,0,90
16217,林建良,False,0,90
16218,林建良,False,0,90
16219,林建良,False,0,90
16220,林子翔,False,0,90
16221,林子翔,False,0,90
16222,林子翔,False,0,90
16223,林子翔,False,0,90
16224,林建良,False,0,90
16225,林子翔,False,0,90
16226,林建良,False,0,90
16227,林子翔,False,0,90
16228,林子翔,False,0,90
16229,陳冠宏,False,0,90
16230,林建良,False,0,90
16231,林建良,False,0,90
16232,林子翔,False,0,90
16233,林建良,False,0,90
16234,陳奕安,False,0,90
16235,林建良,False,0,90
16236,林子翔,False,0,90
16237,林子翔,False,0,90
16238,林建良,False,0,90
16239,林子翔,False,0,90
16240,林建良,False,0,90
16241,林建良,False,0,90
16242,林子翔,False,0,90
16243,林子翔,False,0,90
16244,林子翔,False,0,90
16245,林子翔,False,0,90
16246,陳淑華,False,0,90
16247,林建良,False,0,90
16248,林建良,False,0,90
16249,王海燕,False,1,90
16250,林建良,False,0,90
16251,林子翔,False,0,90
16252,林子翔,False,0,90
16253,林建良,False,0,90
16254,林建良,False,0,90
16255,林建良,False,0,90
16256,林美玲,False,0,90
16257,林建良,False,0,90
16258,林美玲,False,0,90
16259,林子翔,False,0,90
16260,林子翔,False,0,90
16261,林建良,False,0,90
16262,林子翔,False,0,90
16263,林子翔,False,0,90
16264,林子翔,False,0,90
16265,林建良,False,0,90
16266,林子翔,False,0,90
16267,林子翔,False,0,90
16268,林子翔,False,0,90
16269,林建良,False,0,90
16270,陳奕安,False,0,90
16271,林子翔,False,0,90
16272,林建良,False,0,90
16273,陳冠宏,False,0,90
16274,林子翔,False,0,90
16275,林子翔,False,0,90
16276,林建良,False,0,90
16277,林子翔,False,0,90
16278,林子翔,False,0,90
16279,林建良,False,0,90
16280,林子翔,False,0,90
16281,林子翔,False,0,90
16282,林子翔,False,0,90
16283,林子翔,False,0,90
16284,林子翔,False,0,90
16285,林建良,False,0,90
16286,林子翔,False,0,90
16287,林子翔,False,0,90
16288,林子翔,False,0,90
16289,陳淑華,False,0,90
16290,林建良,False,0,90
16291,林建良,False,0,90
16292,林建良,False,0,90
16293,陳冠宏,False,0,90
16294,林建良,False,0,90
16295,林子翔,False,0,90
16296,林子翔,False,0,90
16297,林子翔,False,0,90
16298,林子翔,False,0,90
16299,林子翔,False,0,90
16300,林子翔,False,0,90
16301,林美玲,False,0,90
16302,林子翔,False,0,90
16303,林子翔,False,0,90
16304,林建良,False,0,90
16305,林建良,False,0,90
16306,林建良,False,0,90
16307,林子翔,False,0,90
16308,林建良,False,0,90
16309,林子翔,False,0,90
16310,林建良,False,0,90
16311,林子翔,False,0,90
16312,林子翔,False,0,90
16313,林美玲,False,0,90
16314,林子翔,False,0,90
16315,陳冠宏,False,0,90
16316,陳冠宏,False,0,90
16317,林建良,False,0,90
16318,林子翔,False,0,90
16319,陳淑華,False,0,90
16320,林建良,False,0,90
16321,林子翔,False,0,90
16322,林子翔,False,0,90
16323,林子翔,False,0,90
16324,林建良,False,0,90
16325,林美玲,False,0,90
16326,林子翔,False,0,90
16327,林美玲,False,0,90
16328,林子翔,False,0,90
16329,陳冠宏,False,0,90
16330,林子翔,False,0,90
16331,林建良,False,0,90
16332,林子翔,False,0,90
16333,林子翔,False,0,90
16334,林子翔,False,0,90
16335,林建良,False,0,90
16336,林子翔,False,0,90
16337,林美玲,False,0,90
16338,林建良,False,0,90
16339,林子翔,False,0,90
16340,林建良,False,0,90
16341,林子翔,False,0,90
16342,林建良,False,0,90
16343,林子翔,False,0,90
16344,林子翔,False,0,90
16345,林子翔,False,0,90
16346,林子翔,False,0,90
16347,林建良,False,0,90
16348,林子翔,False,0,90
16349,林子翔,False,0,90
16350,林子翔,False,0,90
16351,林美玲,False,0,90
16352,林子翔,False,0,90
16353,林建良,False,0,90
16354,林建良,False,0,90
16355,林子翔,False,0,90
16356,林子翔,False,0,90
16357,林子翔,False,0,90
16358,杨秀英,False,1,90
16359,王淑华,False,1,90
16360,林子翔,False,0,90
16361,林建良,False,0,90
16362,林建良,False,0,90
16363,林子翔,False,0,90
16364,林建良,False,0,90
16365,林建良,False,0,90
16366,林子翔,False,0,90
16367,林建良,False,0,90
16368,林建良,False,0,90
16369,林建良,False,0,90
16370,林子翔,False,0,90
16371,王海燕,False,1,90
16372,林建良,False,0,90
16373,林子翔,False,0,90
16374,林子翔,False,0,90
16375,林美玲,False,0,90
16376,林子翔,False,0,90
16377,王淑华,False,1,90
16378,林建良,False,0,90
16379,林子翔,False,0,90
16380,李建興,False,0,91
16381,楊宗翰,False,0,91
16382,李俊毅,False,0,91
16383,李建興,False,0,91
16384,李建興,False,0,91
16385,李秀英,False,1,91
16386,李建興,False,0,91
16387,李建興,False,0,91
16388,李建興,False,0,91
16389,李建興,False,0,91
16390,李建興,False,0,91
16391,李建興,False,0,91
16392,李建興,False,0,91
16393,李雪梅,False,1,91
16394,李建興,False,0,91
16395,李建興,False,0,91
16396,李建興,False,0,91
16397,李建興,False,0,91
16398,李建興,False,0,91
16399,李建興,False,0,91
16400,李建興,False,0,91
16401,李建興,False,0,91
16402,李建興,False,0,91
16403,李秀英,False,1,91
16404,李俊毅,False,0,91
16405,李俊毅,False,0,91
16406,李建興,False,0,91
16407,李建興,False,0,91
16408,李秀英,False,1,91
16409,李俊毅,False,0,91
16410,李俊毅,False,0,91
16411,李建興,False,0,91
16412,李建興,False,0,91
16413,李俊毅,False,0,91
16414,李建興,False,0,91
16415,李建興,False,0,91
16416,李建興,False,0,91
16417,李建興,False,0,91
16418,李建興,False,0,91
16419,李建興,False,0,91
16420,李建興,False,0,91
16421,李建興,False,0,91
16422,李建興,False,0,91
16423,李建興,False,0,91
16424,李建興,False,0,91
16425,李俊毅,False,0,91
16426,李秀英,False,1,91
16427,李建興,False,0,91
16428,李秀英,False,1,91
16429,李建興,False,0,91
16430,李俊毅,False,0,91
16431,李建興,False,0,91
16432,李建興,False,0,91
16433,李俊毅,False,0,91
16434,李建興,False,0,91
16435,李建興,False,0,91
16436,李俊毅,False,0,91
16437,李建興,False,0,91
16438,李建興,False,0,91
16439,李建興,False,0,91
16440,李建興,False,0,91
16441,李秀英,False,1,91
16442,李秀英,False,1,91
16443,李建興,False,0,91
16444,李建興,False,0,91
16445,李建興,False,0,91
16446,李建興,False,0,91
16447,李秀英,False,1,91
16448,李建興,False,0,91
16449,李建興,False,0,91
16450,李俊毅,False,0,91
16451,李建興,False,0,91
16452,李建興,False,0,91
16453,李秀英,False,1,91
16454,李建興,False,0,91
16455,李秀英,False,1,91
16456,李建興,False,0,91
16457,李建興,False,0,91
16458,楊宗翰,False,0,91
16459,李俊毅,False,0,91
16460,李建興,False,0,91
16461,李建興,False,0,91
16462,李俊毅,False,0,91
16463,李建興,False,0,91
16464,李建興,False,0,91
16465,李秀英,False,1,91
16466,李俊毅,False,0,91
16467,李俊毅,False,0,91
16468,李秀英,False,1,91
16469,李建興,False,0,91
16470,李建興,False,0,91
16471,李建興,False,0,91
16472,李秀英,False,1,91
16473,李建興,False,0,91
16474,李建興,False,0,91
16475,李建興,False,0,91
16476,李建興,False,0,91
16477,李建興,False,0,91
16478,李建興,False,0,91
16479,李俊毅,False,0,91
16480,李俊毅,False,0,91
16481,李俊毅,False,0,91
16482,李俊毅,False,0,91
16483,李俊毅,False,0,91
16484,李俊毅,False,0,91
16485,李建興,False,0,91
16486,李建興,False,0,91
16487,李建興,False,0,91
16488,李建興,False,0,91
16489,李建興,False,0,91
16490,李秀英,False,1,91
16491,李秀英,False,1,91
16492,李俊毅,False,0,91
16493,李秀英,False,1,91
16494,李建興,False,0,91
16495,李俊毅,False,0,91
16496,李建興,False,0,91
16497,李建興,False,0,91
16498,李建興,False,0,91
16499,李建興,False,0,91
16500,李建興,False,0,91
16501,李俊毅,False,0,91
16502,李建興,False,0,91
16503,李俊毅,False,0,91
16504,李建興,False,0,91
16505,李秀英,False,1,91
16506,李俊毅,False,0,91
16507,李秀英,False,1,91
16508,李建興,False,0,91
16509,李建興,False,0,91
16510,李俊毅,False,0,91
16511,李秀英,False,1,91
16512,李建興,False,0,91
16513,李俊毅,False,0,91
16514,李建興,False,0,91
16515,李建興,False,0,91
16516,李俊毅,False,0,91
16517,李建興,False,0,91
16518,李建興,False,0,91
16519,李建興,False,0,91
16520,李建興,False,0,91
16521,李雪梅,False,1,91
16522,李建興,False,0,91
16523,李建興,False,0,91
16524,李俊毅,False,0,91
16525,李俊毅,False,0,91
16526,李俊毅,False,0,91
16527,李建興,False,0,91
16528,李建興,False,0,91
16529,李建興,False,0,91
16530,李俊毅,False,0,91
16531,李建興,False,0,91
16532,李建興,False,0,91
16533,李秀英,False,1,91
16534,李俊毅,False,0,91
16535,李建興,False,0,91
16536,李建興,False,0,91
16537,李建興,False,0,91
16538,李秀英,False,1,91
16539,李建興,False,0,91
16540,李建興,False,0,91
16541,李建興,False,0,91
16542,李秀英,False,1,91
16543,李俊毅,False,0,91
16544,李建興,False,0,91
16545,李俊毅,False,0,91
16546,李建興,False,0,91
16547,李秀英,False,1,91
16548,李建興,False,0,91
16549,李俊毅,False,0,91
16550,李秀英,False,1,91
16551,李秀英,False,1,91
16552,李俊毅,False,0,91
16553,李建興,False,0,91
16554,李建興,False,0,91
16555,李俊毅,False,0,91
16556,李雪梅,False,1,91
16557,李建興,False,0,91
16558,李建興,False,0,91
16559,李俊毅,False,0,91
16560,林正雄,False,0,92
16561,林正雄,False,0,92
16562,林正雄,False,0,92
16563,林正雄,False,0,92
16564,林俊宏,False,0,92
16565,王淑芬,False,0,92
16566,林正雄,False,0,92
16567,林正雄,False,0,92
16568,张建军,False,1,92
16569,王淑芬,False,0,92
16570,林正雄,False,0,92
16571,林俊宏,False,0,92
16572,王凤英,False,1,92
16573,林俊宏,False,0,92
16574,林俊宏,False,0,92
16575,林秀英,False,0,92
16576,张建军,False,1,92
16577,王淑芬,False,0,92
16578,王凤英,False,1,92
16579,李桂芳,False,1,92
16580,王凤英,False,1,92
16581,张建军,False,1,92
16582,张建军,False,1,92
16583,林正雄,False,0,92
16584,张建军,False,1,92
16585,王怡婷,False,0,92
16586,林俊宏,False,0,92
16587,王怡婷,False,0,92
16588,王怡婷,False,0,92
16589,王凤兰,False,1,92
16590,王淑芬,False,0,92
16591,林正雄,False,0,92
16592,林俊宏,False,0,92
16593,林正雄,False,0,92
16594,林正雄,False,0,92
16595,林正雄,False,0,92
16596,王怡婷,False,0,92
16597,王凤兰,False,1,92
16598,林正雄,False,0,92
16599,王淑芬,False,0,92
16600,林俊宏,False,0,92
16601,林秀英,False,0,92
16602,林俊宏,False,0,92
16603,王淑芬,False,0,92
16604,王怡婷,False,0,92
16605,蔡承翰,False,0,92
16606,林正雄,False,0,92
16607,王凤兰,False,1,92
16608,林俊宏,False,0,92
16609,王淑芬,False,0,92
16610,林俊宏,False,0,92
16611,王怡婷,False,0,92
16612,王怡婷,False,0,92
16613,林正雄,False,0,92
16614,林秀英,False,0,92
16615,王淑芬,False,0,92
16616,王凤兰,False,1,92
16617,林俊宏,False,0,92
16618,林正雄,False,0,92
16619,林正雄,False,0,92
16620,林俊宏,False,0,92
16621,王淑芬,False,0,92
16622,张建军,False,1,92
16623,林俊宏,False,0,92
16624,蔡承翰,False,0,92
16625,林正雄,False,0,92
16626,王淑芬,False,0,92
16627,张建军,False,1,92
16628,陳俊宇,False,0,92
16629,王淑芬,False,0,92
16630,林正雄,False,0,92
16631,林俊宏,False,0,92
16632,王淑芬,False,0,92
16633,王凤英,False,1,92
16634,林俊宏,False,0,92
16635,林俊宏,False,0,92
16636,林正雄,False,0,92
16637,林秀英,False,0,92
16638,林俊宏,False,0,92
16639,林正雄,False,0,92
16640,林俊宏,False,0,92
16641,林正雄,False,0,92
16642,林正雄,False,0,92
16643,林正雄,False,0,92
16644,林正雄,False,0,92
16645,王怡婷,False,0,92
16646,林俊宏,False,0,92
16647,王凤兰,False,1,92
16648,王淑芬,False,0,92
16649,王淑芬,False,0,92
16650,王淑芬,False,0,92
16651,王桂荣,False,1,92
16652,林俊宏,False,0,92
16653,王淑芬,False,0,92
16654,王淑芬,False,0,92
16655,林俊宏,False,0,92
16656,王桂荣,False,1,92
16657,,True,-1,92
16658,林正雄,False,0,92
16659,林正雄,False,0,92
16660,王淑芬,False,0,92
16661,王淑芬,False,0,92
16662,李桂芳,False,1,92
16663,林正雄,False,0,92
16664,李冬梅,False,1,92
16665,林正雄,False,0,92
16666,林俊宏,False,0,92
16667,王桂荣,False,1,92
16668,林正雄,False,0,92
16669,林秀英,False,0,92
16670,王凤兰,False,1,92
16671,张建军,False,1,92
16672,林正雄,False,0,92
16673,林俊宏,False,0,92
16674,林俊宏,False,0,92
16675,林俊宏,False,0,92
16676,张红梅,False,1,92
16677,王凤兰,False,1,92
16678,林俊宏,False,0,92
16679,林正雄,False,0,92
16680,林秀英,False,0,92
16681,林正雄,False,0,92
16682,张建军,False,1,92
16683,王淑芬,False,0,92
16684,林正雄,False,0,92
16685,王淑芬,False,0,92
16686,张建军,False,1,92
16687,王淑芬,False,0,92
16688,林正雄,False,0,92
16689,林俊宏,False,0,92
16690,张建军,False,1,92
16691,林正雄,False,0,92
16692,王淑芬,False,0,92
16693,王凤英,False,1,92
16694,林俊宏,False,0,92
16695,林俊宏,False,0,92
16696,林俊宏,False,0,92
16697,林俊宏,False,0,92
16698,林正雄,False,0,92
16699,王凤英,False,1,92
16700,王凤兰,False,1,92
16701,林正雄,False,0,92
16702,林正雄,False,0,92
16703,林俊宏,False,0,92
16704,林正雄,False,0,92
16705,王淑芬,False,0,92
16706,王凤英,False,1,92
16707,林秀英,False,0,92
16708,王怡婷,False,0,92
16709,林正雄,False,0,92
16710,王淑芬,False,0,92
16711,林正雄,False,0,92
16712,王淑芬,False,0,92
16713,王淑芬,False,0,92
16714,王淑芬,False,0,92
16715,林正雄,False,0,92
16716,蔡承翰,False,0,92
16717,王凤兰,False,1,92
16718,林俊宏,False,0,92
16719,林正雄,False,0,92
16720,林俊宏,False,0,92
16721,林俊宏,False,0,92
16722,王怡婷,False,0,92
16723,王怡婷,False,0,92
16724,林正雄,False,0,92
16725,林俊宏,False,0,92
16726,林正雄,False,0,92
16727,林正雄,False,0,92
16728,王怡婷,False,0,92
16729,王怡婷,False,0,92
16730,张建军,False,1,92
16731,王怡婷,False,0,92
16732,李桂芳,False,1,92
16733,林正雄,False,0,92
16734,林正雄,False,0,92
16735,林正雄,False,0,92
16736,林正雄,False,0,92
16737,林俊宏,False,0,92
16738,王凤英,False,1,92
16739,林俊宏,False,0,92
16740,陳志明,False,0,93
16741,陳建宇,False,0,93
16742,陳志明,False,0,93
16743,陳冠宇,False,0,93
16744,陳志宏,False,0,93
16745,陳志明,False,0,93
16746,陳志明,False,0,93
16747,陳建宇,False,0,93
16748,陳志宏,False,0,93
16749,陳冠宇,False,0,93
16750,林建宏,False,0,93
16751,陳志明,False,0,93
16752,陳冠宇,False,0,93
16753,林建宏,False,0,93
16754,陳志明,False,0,93
16755,陳建宇,False,0,93
16756,陳建宇,False,0,93
16757,陳志明,False,0,93
16758,陳建宇,False,0,93
16759,陳建宇,False,0,93
16760,陳志宏,False,0,93
16761,陳建宇,False,0,93
16762,陳志宏,False,0,93
16763,陳建宇,False,0,93
16764,陳志明,False,0,93
16765,陳志明,False,0,93
16766,陳建宇,False,0,93
16767,陳志明,False,0,93
16768,陳建宇,False,0,93
16769,陳建宇,False,0,93
16770,陳志明,False,0,93
16771,陳冠宇,False,0,93
16772,陳建宇,False,0,93
16773,陳冠宇,False,0,93
16774,陳冠宇,False,0,93
16775,陳建宇,False,0,93
16776,李志强,False,1,93
16777,陳建宇,False,0,93
16778,陳建宇,False,0,93
16779,陳志明,False,0,93
16780,陳建宇,False,0,93
16781,陳秀鳳,False,0,93
16782,陳冠宇,False,0,93
16783,陳建宇,False,0,93
16784,陳冠宇,False,0,93
16785,陳志明,False,0,93
16786,陳建宇,False,0,93
16787,陳志宏,False,0,93
16788,陳建宇,False,0,93
16789,陳志明,False,0,93
16790,陳建宇,False,0,93
16791,陳建宇,False,0,93
16792,陳建宇,False,0,93
16793,陳冠宇,False,0,93
16794,陳志宏,False,0,93
16795,陳建宇,False,0,93
16796,陳志宏,False,0,93
16797,陳志宏,False,0,93
16798,陳建宇,False,0,93
16799,陳冠宇,False,0,93
16800,陳建宇,False,0,93
16801,陳志明,False,0,93
16802,陳志宏,False,0,93
16803,陳建宇,False,0,93
16804,陳志明,False,0,93
16805,陳冠宇,False,0,93
16806,陳志明,False,0,93
16807,陳建宇,False,0,93
16808,陳建宇,False,0,93
16809,陳冠宇,False,0,93
16810,陳冠宇,False,0,93
16811,陳建宇,False,0,93
16812,林建宏,False,0,93
16813,陳建宇,False,0,93
16814,陳冠宇,False,0,93
16815,陳建宇,False,0,93
16816,陳建宇,False,0,93
16817,陳建宇,False,0,93
16818,陳冠宇,False,0,93
16819,陳志宏,False,0,93
16820,林建宏,False,0,93
16821,陳志明,False,0,93
16822,陳建宇,False,0,93
16823,陳建宇,False,0,93
16824,陳建宇,False,0,93
16825,陳建宇,False,0,93
16826,陳冠宇,False,0,93
16827,陳建宇,False,0,93
16828,陳建宇,False,0,93
16829,陳志宏,False,0,93
16830,陳建宇,False,0,93
16831,陳建宇,False,0,93
16832,林建宏,False,0,93
16833,张育誠,True,-1,93
16834,陳建宇,False,0,93
16835,陳建宇,False,0,93
16836,陳建宇,False,0,93
16837,陳志明,False,0,93
16838,陳冠宇,False,0,93
16839,陳建宇,False,0,93
16840,陳志明,False,0,93
16841,陳冠宇,False,0,93
16842,李志强,False,1,93
16843,陳志宏,False,0,93
16844,陳建宇,False,0,93
16845,林建宏,False,0,93
16846,陳志宏,False,0,93
16847,张桂兰,False,1,93
16848,陳冠宇,False,0,93
16849,陳秀鳳,False,0,93
16850,陳建宇,False,0,93
16851,陳冠宇,False,0,93
16852,陳建宇,False,0,93
16853,陳建宇,False,0,93
16854,陳建宇,False,0,93
16855,张淑英,False,1,93
16856,陳建宇,False,0,93
16857,陳志明,False,0,93
16858,陳冠宇,False,0,93
16859,陳志明,False,0,93
16860,林建宏,False,0,93
16861,陳建宇,False,0,93
16862,陳志明,False,0,93
16863,陳秀鳳,False,0,93
16864,林建宏,False,0,93
16865,陳建宇,False,0,93
16866,陳建宇,False,0,93
16867,林建宏,False,0,93
16868,陳建宇,False,0,93
16869,陳建宇,False,0,93
16870,陳志明,False,0,93
16871,陳建宇,False,0,93
16872,陳冠宇,False,0,93
16873,张育誠,True,-1,93
16874,陳建宇,False,0,93
16875,陳冠宇,False,0,93
16876,林建宏,False,0,93
16877,陳冠宇,False,0,93
16878,陳建宇,False,0,93
16879,陳志宏,False,0,93
16880,陳志宏,False,0,93
16881,陳建宇,False,0,93
16882,李志强,False,1,93
16883,陳志宏,False,0,93
16884,张淑英,False,1,93
16885,陳冠宇,False,0,93
16886,陳建宇,False,0,93
16887,陳志明,False,0,93
16888,陳志宏,False,0,93
16889,陳建宇,False,0,93
16890,陳志宏,False,0,93
16891,陳冠宇,False,0,93
16892,陳建宇,False,0,93
16893,陳建宇,False,0,93
16894,陳建宇,False,0,93
16895,林建宏,False,0,93
16896,陳建宇,False,0,93
16897,陳冠宇,False,0,93
16898,陳建宇,False,0,93
16899,陳建宇,False,0,93
16900,陳志明,False,0,93
16901,陳冠宇,False,0,93
16902,陳建宇,False,0,93
16903,陳建宇,False,0,93
16904,陳秀鳳,False,0,93
16905,陳志明,False,0,93
16906,陳志宏,False,0,93
16907,陳志宏,False,0,93
16908,陳志明,False,0,93
16909,陳建宇,False,0,93
16910,陳建宇,False,0,93
16911,陳秀鳳,False,0,93
16912,陳志明,False,0,93
16913,李志强,False,1,93
16914,陳建宇,False,0,93
16915,陳志宏,False,0,93
16916,陳冠宇,False,0,93
16917,陳建宇,False,0,93
16918,陳志宏,False,0,93
16919,,True,-1,93
16920,陳威宇,False,0,94
16921,陳威宇,False,0,94
16922,陳威宇,False,0,94
16923,陈建华,False,1,94
16924,陳威宇,False,0,94
16925,陈建华,False,1,94
16926,陳柏宏,False,0,94
16927,陳志豪,False,0,94
16928,陳志豪,False,0,94
16929,陳志豪,False,0,94
16930,陳威宇,False,0,94
16931,陳威宇,False,0,94
16932,陳威宇,False,0,94
16933,陳威宇,False,0,94
16934,陳志豪,False,0,94
16935,陳志豪,False,0,94
16936,陈秀兰,False,1,94
16937,陳威宇,False,0,94
16938,陳威宇,False,0,94
16939,陳威宇,False,0,94
16940,陳威宇,False,0,94
16941,陳志豪,False,0,94
16942,陳柏宏,False,0,94
16943,陳威宇,False,0,94
16944,陳柏宏,False,0,94
16945,陳志豪,False,0,94
16946,陳柏宏,False,0,94
16947,陳柏宏,False,0,94
16948,陳志豪,False,0,94
16949,陳威宇,False,0,94
16950,陳威宇,False,0,94
16951,陳威宇,False,0,94
16952,陳志豪,False,0,94
16953,陳威宇,False,0,94
16954,陳秀琴,False,0,94
16955,陳柏宏,False,0,94
16956,陳威宇,False,0,94
16957,陳志豪,False,0,94
16958,陳威宇,False,0,94
16959,陳志豪,False,0,94
16960,陳柏宏,False,0,94
16961,陈建华,False,1,94
16962,陳柏宏,False,0,94
16963,陳志豪,False,0,94
16964,陳威宇,False,0,94
16965,陈建华,False,1,94
16966,陳威宇,False,0,94
16967,陳志豪,False,0,94
16968,陳柏宏,False,0,94
16969,陈建华,False,1,94
16970,陳志豪,False,0,94
16971,陳威宇,False,0,94
16972,陳俊廷,False,0,94
16973,陳威宇,False,0,94
16974,陳威宇,False,0,94
16975,陳志豪,False,0,94
16976,陳威宇,False,0,94
16977,陳威宇,False,0,94
16978,陳威宇,False,0,94
16979,陳威宇,False,0,94
16980,陳志豪,False,0,94
16981,陈建华,False,1,94
16982,陈建华,False,1,94
16983,陳威宇,False,0,94
16984,陳志豪,False,0,94
16985,陳柏宏,False,0,94
16986,陳威宇,False,0,94
16987,陳威宇,False,0,94
16988,陳威宇,False,0,94
16989,陳威宇,False,0,94
16990,陳志豪,False,0,94
16991,陳威宇,False,0,94
16992,陳志豪,False,0,94
16993,陳志豪,False,0,94
16994,陳威宇,False,0,94
16995,陳威宇,False,0,94
16996,陳柏宏,False,0,94
16997,陳威宇,False,0,94
16998,陳志豪,False,0,94
16999,陳志豪,False,0,94
17000,陳威宇,False,0,94
17001,陳志豪,False,0,94
17002,陳志豪,False,0,94
17003,陳威宇,False,0,94
17004,陳柏宏,False,0,94
17005,陳志豪,False,0,94
17006,陳志豪,False,0,94
17007,陈建华,False,1,94
17008,陳志豪,False,0,94
17009,陳志豪,False,0,94
17010,陳志豪,False,0,94
17011,陳威宇,False,0,94
17012,陳志豪,False,0,94
17013,陳志豪,False,0,94
17014,陳威宇,False,0,94
17015,陈建华,False,1,94
17016,陳志豪,False,0,94
17017,陳志豪,False,0,94
17018,陳威宇,False,0,94
17019,陳威宇,False,0,94
17020,陈建华,False,1,94
17021,陳威宇,False,0,94
17022,陳威宇,False,0,94
17023,陳志豪,False,0,94
17024,陳威宇,False,0,94
17025,陳柏宏,False,0,94
17026,陳志豪,False,0,94
17027,陳俊廷,False,0,94
17028,陳俊廷,False,0,94
17029,陳威宇,False,0,94
17030,陳志豪,False,0,94
17031,陳威宇,False,0,94
17032,陳威宇,False,0,94
17033,陳柏宏,False,0,94
17034,陳柏宏,False,0,94
17035,陳志豪,False,0,94
17036,陳志豪,False,0,94
17037,陳志豪,False,0,94
17038,陳威宇,False,0,94
17039,陳威宇,False,0,94
17040,陳志豪,False,0,94
17041,陳志豪,False,0,94
17042,陈建华,False,1,94
17043,陳志豪,False,0,94
17044,陳威宇,False,0,94
17045,陳志豪,False,0,94
17046,陳威宇,False,0,94
17047,陳俊廷,False,0,94
17048,陳志豪,False,0,94
17049,陳威宇,False,0,94
17050,陳志豪,False,0,94
17051,陳志豪,False,0,94
17052,陳威宇,False,0,94
17053,陳志豪,False,0,94
17054,陳威宇,False,0,94
17055,陳柏宏,False,0,94
17056,陳柏宏,False,0,94
17057,陳志豪,False,0,94
17058,陳志豪,False,0,94
17059,陳威宇,False,0,94
17060,陳志豪,False,0,94
17061,陳秀琴,False,0,94
17062,陳威宇,False,0,94
17063,陳威宇,False,0,94
17064,陈玉兰,False,1,94
17065,陳威宇,False,0,94
17066,陳威宇,False,0,94
17067,陳志豪,False,0,94
17068,陳志豪,False,0,94
17069,陳威宇,False,0,94
17070,陳柏宏,False,0,94
17071,陳柏宏,False,0,94
17072,陳威宇,False,0,94
17073,陳志豪,False,0,94
17074,陈秀兰,False,1,94
17075,陳柏宏,False,0,94
17076,陳威宇,False,0,94
17077,陳俊廷,False,0,94
17078,陳志豪,False,0,94
17079,陳志豪,False,0,94
17080,陳志豪,False,0,94
17081,陳志豪,False,0,94
17082,陳威宇,False,0,94
17083,陳威宇,False,0,94
17084,陳志豪,False,0,94
17085,陳志豪,False,0,94
17086,陳威宇,False,0,94
17087,陳秀琴,False,0,94
17088,陳威宇,False,0,94
17089,陳威宇,False,0,94
17090,陳志豪,False,0,94
17091,陳柏宏,False,0,94
17092,陳志豪,False,0,94
17093,陳威宇,False,0,94
17094,陳威宇,False,0,94
17095,陳志豪,False,0,94
17096,陳志豪,False,0,94
17097,陳威宇,False,0,94
17098,陳威宇,False,0,94
17099,陳威宇,False,0,94
17100,楊承翰,False,0,95
17101,林建良,False,0,95
17102,林俊宏,False,0,95
17103,张建华,False,1,95
17104,张秀梅,False,1,95
17105,林建良,False,0,95
17106,张建华,False,1,95
17107,张建华,False,1,95
17108,林建良,False,0,95
17109,林俊宏,False,0,95
17110,李兰英,False,1,95
17111,李兰英,False,1,95
17112,張淑貞,False,0,95
17113,李兰英,False,1,95
17114,林俊宏,False,0,95
17115,林俊宏,False,0,95
17116,李佳蓉,False,0,95
17117,杨秀珍,False,1,95
17118,林俊宏,False,0,95
17119,林俊宏,False,0,95
17120,李佳蓉,False,0,95
17121,李兰英,False,1,95
17122,林建良,False,0,95
17123,林俊宏,False,0,95
17124,张建华,False,1,95
17125,林建良,False,0,95
17126,林俊宏,False,0,95
17127,李兰英,False,1,95
17128,李佳蓉,False,0,95
17129,林俊宏,False,0,95
17130,楊承翰,False,0,95
17131,张建华,False,1,95
17132,李佳蓉,False,0,95
17133,林建良,False,0,95
17134,李兰英,False,1,95
17135,张秀梅,False,1,95
17136,林建良,False,0,95
17137,林建良,False,0,95
17138,林建良,False,0,95
17139,林建良,False,0,95
17140,李兰英,False,1,95
17141,林建良,False,0,95
17142,李兰英,False,1,95
17143,张秀梅,False,1,95
17144,李佳蓉,False,0,95
17145,林俊宏,False,0,95
17146,林俊宏,False,0,95
17147,张建华,False,1,95
17148,林俊宏,False,0,95
17149,林建良,False,0,95
17150,张秀梅,False,1,95
17151,杨秀珍,False,1,95
17152,张秀梅,False,1,95
17153,林建良,False,0,95
17154,王建华,False,1,95
17155,李佳蓉,False,0,95
17156,林建良,False,0,95
17157,林俊宏,False,0,95
17158,王建华,False,1,95
17159,张建华,False,1,95
17160,林俊宏,False,0,95
17161,林建良,False,0,95
17162,林建良,False,0,95
17163,张建华,False,1,95
17164,张秀梅,False,1,95
17165,林建良,False,0,95
17166,楊承翰,False,0,95
17167,林建良,False,0,95
17168,李兰英,False,1,95
17169,林俊宏,False,0,95
17170,林俊宏,False,0,95
17171,林俊宏,False,0,95
17172,李佳蓉,False,0,95
17173,楊承翰,False,0,95
17174,林建良,False,0,95
17175,林建良,False,0,95
17176,楊承翰,False,0,95
17177,张建华,False,1,95
17178,林建良,False,0,95
17179,王建华,False,1,95
17180,林俊宏,False,0,95
17181,张建华,False,1,95
17182,林建良,False,0,95
17183,李兰英,False,1,95
17184,林建良,False,0,95
17185,林俊宏,False,0,95
17186,林俊宏,False,0,95
17187,林建良,False,0,95
17188,杨秀珍,False,1,95
17189,张建华,False,1,95
17190,张秀梅,False,1,95
17191,林俊宏,False,0,95
17192,李兰英,False,1,95
17193,楊承翰,False,0,95
17194,李兰英,False,1,95
17195,陳淑惠,False,0,95
17196,张秀梅,False,1,95
17197,李兰英,False,1,95
17198,杨秀珍,False,1,95
17199,李兰英,False,1,95
17200,林俊宏,False,0,95
17201,林建良,False,0,95
17202,林建良,False,0,95
17203,张建华,False,1,95
17204,张秀梅,False,1,95
17205,林俊宏,False,0,95
17206,林建良,False,0,95
17207,林俊宏,False,0,95
17208,林俊宏,False,0,95
17209,林俊宏,False,0,95
17210,林建良,False,0,95
17211,张建华,False,1,95
17212,李兰英,False,1,95
17213,李兰英,False,1,95
17214,林俊宏,False,0,95
17215,李兰英,False,1,95
17216,张建华,False,1,95
17217,林俊宏,False,0,95
17218,林俊宏,False,0,95
17219,林建良,False,0,95
17220,李兰英,False,1,95
17221,李佳蓉,False,0,95
17222,林俊宏,False,0,95
17223,张秀梅,False,1,95
17224,张秀梅,False,1,95
17225,李兰英,False,1,95
17226,楊承翰,False,0,95
17227,李兰英,False,1,95
17228,张秀梅,False,1,95
17229,李兰英,False,1,95
17230,林建良,False,0,95
17231,张建华,False,1,95
17232,林俊宏,False,0,95
17233,张秀梅,False,1,95
17234,林建良,False,0,95
17235,杨秀珍,False,1,95
17236,張淑貞,False,0,95
17237,李兰英,False,1,95
17238,林俊宏,False,0,95
17239,张秀梅,False,1,95
17240,林俊宏,False,0,95
17241,李佳蓉,False,0,95
17242,杨秀珍,False,1,95
17243,张秀梅,False,1,95
17244,张建华,False,1,95
17245,林俊宏,False,0,95
17246,林建良,False,0,95
17247,張淑貞,False,0,95
17248,林俊宏,False,0,95
17249,杨秀珍,False,1,95
17250,杨秀珍,False,1,95
17251,李兰英,False,1,95
17252,张建华,False,1,95
17253,林俊宏,False,0,95
17254,李兰英,False,1,95
17255,林俊宏,False,0,95
17256,李兰英,False,1,95
17257,林建良,False,0,95
17258,李佳蓉,False,0,95
17259,张建华,False,1,95
17260,林俊宏,False,0,95
17261,林建良,False,0,95
17262,林建良,False,0,95
17263,楊承翰,False,0,95
17264,林俊宏,False,0,95
17265,李兰英,False,1,95
17266,李佳蓉,False,0,95
17267,林建良,False,0,95
17268,李佳蓉,False,0,95
17269,李佳蓉,False,0,95
17270,李兰英,False,1,95
17271,林俊宏,False,0,95
17272,林俊宏,False,0,95
17273,杨秀珍,False,1,95
17274,李兰英,False,1,95
17275,林俊宏,False,0,95
17276,杨秀珍,False,1,95
17277,林建良,False,0,95
17278,林俊宏,False,0,95
17279,李兰英,False,1,95
17280,李承翰,False,0,96
17281,李宗翰,False,0,96
17282,李婷婷,False,1,96
17283,李宗翰,False,0,96
17284,李承翰,False,0,96
17285,李宗翰,False,0,96
17286,李红梅,False,1,96
17287,李承翰,False,0,96
17288,李俊毅,False,0,96
17289,李红梅,False,1,96
17290,李婷婷,False,1,96
17291,李宗翰,False,0,96
17292,李宗翰,False,0,96
17293,李婷婷,False,1,96
17294,李俊毅,False,0,96
17295,李俊毅,False,0,96
17296,李俊毅,False,0,96
17297,李承翰,False,0,96
17298,李承翰,False,0,96
17299,李俊毅,False,0,96
17300,李承翰,False,0,96
17301,李宗翰,False,0,96
17302,李宗翰,False,0,96
17303,李承翰,False,0,96
17304,李宗翰,False,0,96
17305,李婷婷,False,1,96
17306,李承翰,False,0,96
17307,李宗翰,False,0,96
17308,李承翰,False,0,96
17309,李承翰,False,0,96
17310,李婷婷,False,1,96
17311,李宗翰,False,0,96
17312,李宗翰,False,0,96
17313,李婷婷,False,1,96
17314,李婷婷,False,1,96
17315,李红梅,False,1,96
17316,李俊毅,False,0,96
17317,李承翰,False,0,96
17318,李宗翰,False,0,96
17319,李宗翰,False,0,96
17320,李承翰,False,0,96
17321,李俊毅,False,0,96
17322,李俊毅,False,0,96
17323,李宗翰,False,0,96
17324,李俊毅,False,0,96
17325,李婷婷,False,1,96
17326,李俊毅,False,0,96
17327,李俊毅,False,0,96
17328,李承翰,False,0,96
17329,李宗翰,False,0,96
17330,李承翰,False,0,96
17331,李婷婷,False,1,96
17332,李宗翰,False,0,96
17333,王海燕,False,1,96
17334,李红梅,False,1,96
17335,李俊毅,False,0,96
17336,李承翰,False,0,96
17337,李承翰,False,0,96
17338,李宗翰,False,0,96
17339,李承翰,False,0,96
17340,李宗翰,False,0,96
17341,李宗翰,False,0,96
17342,李俊毅,False,0,96
17343,李红梅,False,1,96
17344,李婷婷,False,1,96
17345,李婷婷,False,1,96
17346,李承翰,False,0,96
17347,李宗翰,False,0,96
17348,李俊毅,False,0,96
17349,李俊毅,False,0,96
17350,李俊毅,False,0,96
17351,李承翰,False,0,96
17352,李婷婷,False,1,96
17353,李婷婷,False,1,96
17354,李宗翰,False,0,96
17355,李承翰,False,0,96
17356,李宗翰,False,0,96
17357,李宗翰,False,0,96
17358,李承翰,False,0,96
17359,李俊毅,False,0,96
17360,李宗翰,False,0,96
17361,李宗翰,False,0,96
17362,李俊毅,False,0,96
17363,李红梅,False,1,96
17364,李承翰,False,0,96
17365,李俊毅,False,0,96
17366,李承翰,False,0,96
17367,李宗翰,False,0,96
17368,李红梅,False,1,96
17369,李宗翰,False,0,96
17370,李承翰,False,0,96
17371,李婷婷,False,1,96
17372,李俊毅,False,0,96
17373,李婷婷,False,1,96
17374,李承翰,False,0,96
17375,李承翰,False,0,96
17376,李婷婷,False,1,96
17377,李宗翰,False,0,96
17378,李宗翰,False,0,96
17379,李承翰,False,0,96
17380,李婷婷,False,1,96
17381,李承翰,False,0,96
17382,李承翰,False,0,96
17383,李宗翰,False,0,96
17384,李承翰,False,0,96
17385,李承翰,False,0,96
17386,李婷婷,False,1,96
17387,李承翰,False,0,96
17388,李婷婷,False,1,96
17389,李宗翰,False,0,96
17390,李宗翰,False,0,96
17391,李婷婷,False,1,96
17392,李俊毅,False,0,96
17393,李承翰,False,0,96
17394,李宗翰,False,0,96
17395,李俊毅,False,0,96
17396,李承翰,False,0,96
17397,李宗翰,False,0,96
17398,李宗翰,False,0,96
17399,李婷婷,False,1,96
17400,李宗翰,False,0,96
17401,李婷婷,False,1,96
17402,李婷婷,False,1,96
17403,陈建华,False,1,96
17404,李宗翰,False,0,96
17405,李俊毅,False,0,96
17406,李宗翰,False,0,96
17407,李承翰,False,0,96
17408,李宗翰,False,0,96
17409,李承翰,False,0,96
17410,李俊毅,False,0,96
17411,李婷婷,False,1,96
17412,李俊毅,False,0,96
17413,李承翰,False,0,96
17414,李宗翰,False,0,96
17415,李俊毅,False,0,96
17416,李俊毅,False,0,96
17417,李宗翰,False,0,96
17418,李俊毅,False,0,96
17419,李宗翰,False,0,96
17420,李承翰,False,0,96
17421,王建华,False,1,96
17422,李俊毅,False,0,96
17423,李俊毅,False,0,96
17424,李承翰,False,0,96
17425,李俊毅,False,0,96
17426,李宗翰,False,0,96
17427,李宗翰,False,0,96
17428,李婷婷,False,1,96
17429,李宗翰,False,0,96
17430,李宗翰,False,0,96
17431,李承翰,False,0,96
17432,李俊毅,False,0,96
17433,李婷婷,False,1,96
17434,李承翰,False,0,96
17435,李俊毅,False,0,96
17436,李俊毅,False,0,96
17437,李婷婷,False,1,96
17438,李俊毅,False,0,96
17439,李俊毅,False,0,96
17440,李宗翰,False,0,96
17441,李宗翰,False,0,96
17442,李宗翰,False,0,96
17443,李红梅,False,1,96
17444,李婷婷,False,1,96
17445,李俊毅,False,0,96
17446,李宗翰,False,0,96
17447,李俊毅,False,0,96
17448,李宗翰,False,0,96
17449,李宗翰,False,0,96
17450,李宗翰,False,0,96
17451,李承翰,False,0,96
17452,李承翰,False,0,96
17453,李宗翰,False,0,96
17454,李俊毅,False,0,96
17455,李承翰,False,0,96
17456,李俊毅,False,0,96
17457,李俊毅,False,0,96
17458,李婷婷,False,1,96
17459,李承翰,False,0,96
17460,林建良,False,0,97
17461,林美玉,False,0,97
17462,林美玲,False,0,97
17463,林建良,False,0,97
17464,林建良,False,0,97
17465,林建良,False,0,97
17466,陳信宏,False,0,97
17467,陳信宏,False,0,97
17468,林建良,False,0,97
17469,陳信宏,False,0,97
17470,陳信宏,False,0,97
17471,林美玲,False,0,97
17472,陳信宏,False,0,97
17473,陳信宏,False,0,97
17474,林美玉,False,0,97
17475,林建良,False,0,97
17476,陳信宏,False,0,97
17477,林建良,False,0,97
17478,林建良,False,0,97
17479,林建良,False,0,97
17480,林淑娟,False,0,97
17481,林建良,False,0,97
17482,林美玉,False,0,97
17483,林建良,False,0,97
17484,林建良,False,0,97
17485,陳信宏,False,0,97
17486,林美玲,False,0,97
17487,林建良,False,0,97
17488,林建良,False,0,97
17489,林建良,False,0,97
17490,陳信宏,False,0,97
17491,林美玉,False,0,97
17492,林建良,False,0,97
17493,林建良,False,0,97
17494,林建良,False,0,97
17495,林美玉,False,0,97
17496,陳信宏,False,0,97
17497,陳信宏,False,0,97
17498,陳信宏,False,0,97
17499,林美玉,False,0,97
17500,林美玉,False,0,97
17501,林美玉,False,0,97
17502,陳柏宇,False,0,97
17503,林建良,False,0,97
17504,林美玲,False,0,97
17505,林建良,False,0,97
17506,林建良,False,0,97
17507,林建良,False,0,97
17508,林建良,False,0,97
17509,林美玉,False,0,97
17510,林建良,False,0,97
17511,林建良,False,0,97
17512,林建良,False,0,97
17513,林建良,False,0,97
17514,陳雅玲,False,0,97
17515,陳信宏,False,0,97
17516,林建良,False,0,97
17517,林美玉,False,0,97
17518,林美玲,False,0,97
17519,林建良,False,0,97
17520,林淑娟,False,0,97
17521,林美玉,False,0,97
17522,林美玉,False,0,97
17523,林美玲,False,0,97
17524,林建良,False,0,97
17525,林建良,False,0,97
17526,林美玲,False,0,97
17527,林建良,False,0,97
17528,林建良,False,0,97
17529,陳信宏,False,0,97
17530,林美玉,False,0,97
17531,林美玉,False,0,97
17532,林美玲,False,0,97
17533,林美玲,False,0,97
17534,林建良,False,0,97
17535,林美玉,False,0,97
17536,陳信宏,False,0,97
17537,林淑娟,False,0,97
17538,林美玲,False,0,97
17539,林美玉,False,0,97
17540,陳信宏,False,0,97
17541,林美玲,False,0,97
17542,林美玉,False,0,97
17543,林建良,False,0,97
17544,陳信宏,False,0,97
17545,林建良,False,0,97
17546,林建良,False,0,97
17547,林建良,False,0,97
17548,林建良,False,0,97
17549,林建良,False,0,97
17550,林建良,False,0,97
17551,林建良,False,0,97
17552,林建良,False,0,97
17553,林美玉,False,0,97
17554,林建良,False,0,97
17555,林建良,False,0,97
17556,陳信宏,False,0,97
17557,林建良,False,0,97
17558,林建良,False,0,97
17559,陳柏宇,False,0,97
17560,陳柏宇,False,0,97
17561,林美玉,False,0,97
17562,林美玉,False,0,97
17563,林美玉,False,0,97
17564,林建良,False,0,97
17565,陳信宏,False,0,97
17566,林建良,False,0,97
17567,林建良,False,0,97
17568,林美玲,False,0,97
17569,陳信宏,False,0,97
17570,林建良,False,0,97
17571,林建良,False,0,97
17572,陳信宏,False,0,97
17573,林建良,False,0,97
17574,林建良,False,0,97
17575,陳信宏,False,0,97
17576,林美玲,False,0,97
17577,林建良,False,0,97
17578,林美玉,False,0,97
17579,陳信宏,False,0,97
17580,林建良,False,0,97
17581,林建良,False,0,97
17582,林建良,False,0,97
17583,林建良,False,0,97
17584,陳信宏,False,0,97
17585,林建良,False,0,97
17586,陳信宏,False,0,97
17587,林建良,False,0,97
17588,林建良,False,0,97
17589,林建良,False,0,97
17590,林建良,False,0,97
17591,林建良,False,0,97
17592,林建良,False,0,97
17593,林建良,False,0,97
17594,林建良,False,0,97
17595,陳信宏,False,0,97
17596,林建良,False,0,97
17597,林建良,False,0,97
17598,林美玉,False,0,97
17599,林建良,False,0,97
17600,林建良,False,0,97
17601,林美玉,False,0,97
17602,林美玉,False,0,97
17603,林美玉,False,0,97
17604,林美玉,False,0,97
17605,林建良,False,0,97
17606,林美玲,False,0,97
17607,陳信宏,False,0,97
17608,林建良,False,0,97
17609,陳信宏,False,0,97
17610,林美玲,False,0,97
17611,陳信宏,False,0,97
17612,林建良,False,0,97
17613,陳信宏,False,0,97
17614,林美玲,False,0,97
17615,林美玲,False,0,97
17616,林美玉,False,0,97
17617,林美玉,False,0,97
17618,林淑娟,False,0,97
17619,林美玲,False,0,97
17620,林建良,False,0,97
17621,林美玲,False,0,97
17622,林建良,False,0,97
17623,林美玉,False,0,97
17624,林建良,False,0,97
17625,林美玲,False,0,97
17626,林建良,False,0,97
17627,林建良,False,0,97
17628,陳信宏,False,0,97
17629,林建良,False,0,97
17630,林美玉,False,0,97
17631,林建良,False,0,97
17632,林美玉,False,0,97
17633,陳信宏,False,0,97
17634,林美玲,False,0,97
17635,林美玉,False,0,97
17636,陳柏宇,False,0,97
17637,林建良,False,0,97
17638,林建良,False,0,97
17639,林建良,False,0,97
17640,陳俊豪,False,0,98
17641,陳淑娟,False,0,98
17642,陳淑娟,False,0,98
17643,陳彥霖,False,0,98
17644,陳俊豪,False,0,98
17645,李红霞,False,1,98
17646,陳俊豪,False,0,98
17647,陳俊豪,False,0,98
17648,林志明,False,0,98
17649,陳俊豪,False,0,98
17650,李红霞,False,1,98
17651,陳俊豪,False,0,98
17652,陳俊豪,False,0,98
17653,陳宥蓁,False,0,98
17654,陳淑貞,False,0,98
17655,陳淑娟,False,0,98
17656,陳淑娟,False,0,98
17657,陳俊豪,False,0,98
17658,张秀英,False,1,98
17659,陳俊豪,False,0,98
17660,张秀英,False,1,98
17661,陳俊豪,False,0,98
17662,林志明,False,0,98
17663,陳彥霖,False,0,98
17664,陳彥霖,False,0,98
17665,陳淑娟,False,0,98
17666,陳淑貞,False,0,98
17667,陳宥蓁,False,0,98
17668,林志明,False,0,98
17669,陳淑娟,False,0,98
17670,陳淑貞,False,0,98
17671,陳俊豪,False,0,98
17672,陳俊豪,False,0,98
17673,陳俊豪,False,0,98
17674,陳淑貞,False,0,98
17675,陳俊豪,False,0,98
17676,陳俊豪,False,0,98
17677,李兰英,False,1,98
17678,陳俊豪,False,0,98
17679,陳俊豪,False,0,98
17680,陳宥蓁,False,0,98
17681,陳彥霖,False,0,98
17682,李雪梅,False,1,98
17683,陳俊豪,False,0,98
17684,张秀英,False,1,98
17685,陳淑娟,False,0,98
17686,陳淑娟,False,0,98
17687,李红霞,False,1,98
17688,陳彥霖,False,0,98
17689,陳俊豪,False,0,98
17690,陳淑娟,False,0,98
17691,陳俊豪,False,0,98
17692,陳彥霖,False,0,98
17693,陳俊豪,False,0,98
17694,陳俊豪,False,0,98
17695,陳俊豪,False,0,98
17696,陳彥霖,False,0,98
17697,陳俊豪,False,0,98
17698,陳彥霖,False,0,98
17699,陳俊豪,False,0,98
17700,陳淑貞,False,0,98
17701,陳俊豪,False,0,98
17702,陳俊豪,False,0,98
17703,陳俊豪,False,0,98
17704,陳俊豪,False,0,98
17705,陳淑娟,False,0,98
17706,陳俊豪,False,0,98
17707,陳淑娟,False,0,98
17708,陳俊豪,False,0,98
17709,陳宥蓁,False,0,98
17710,陳俊豪,False,0,98
17711,陳宥蓁,False,0,98
17712,林志明,False,0,98
17713,陳俊豪,False,0,98
17714,陳淑娟,False,0,98
17715,陳俊豪,False,0,98
17716,陳俊豪,False,0,98
17717,陳俊豪,False,0,98
17718,陳彥霖,False,0,98
17719,陳俊豪,False,0,98
17720,陳俊豪,False,0,98
17721,陳俊豪,False,0,98
17722,陳俊豪,False,0,98
17723,张秀英,False,1,98
17724,陳俊豪,False,0,98
17725,李凤英,False,1,98
17726,陳淑娟,False,0,98
17727,陳俊豪,False,0,98
17728,陳俊豪,False,0,98
17729,陳俊豪,False,0,98
17730,李兰英,False,1,98
17731,陳彥霖,False,0,98
17732,陳俊豪,False,0,98
17733,陳俊豪,False,0,98
17734,李凤英,False,1,98
17735,陳俊豪,False,0,98
17736,陳俊豪,False,0,98
17737,林志明,False,0,98
17738,陳淑貞,False,0,98
17739,李凤英,False,1,98
17740,陳彥霖,False,0,98
17741,陳俊豪,False,0,98
17742,陳俊豪,False,0,98
17743,陳俊豪,False,0,98
17744,李凤英,False,1,98
17745,陳俊豪,False,0,98
17746,陳俊豪,False,0,98
17747,陳淑貞,False,0,98
17748,陳俊豪,False,0,98
17749,陳俊豪,False,0,98
17750,陳俊豪,False,0,98
17751,陳淑娟,False,0,98
17752,陳俊豪,False,0,98
17753,陳俊豪,False,0,98
17754,陳彥霖,False,0,98
17755,陳淑娟,False,0,98
17756,陳俊豪,False,0,98
17757,陳俊豪,False,0,98
17758,李兰英,False,1,98
17759,李凤英,False,1,98
17760,陳俊豪,False,0,98
17761,陳俊豪,False,0,98
17762,张雅婷,True,-1,98
17763,李兰英,False,1,98
17764,李凤英,False,1,98
17765,陳俊豪,False,0,98
17766,李凤英,False,1,98
17767,张秀英,False,1,98
17768,陳俊豪,False,0,98
17769,林志明,False,0,98
17770,李兰英,False,1,98
17771,李红霞,False,1,98
17772,陳俊豪,False,0,98
17773,陳俊豪,False,0,98
17774,陳淑娟,False,0,98
17775,陳俊豪,False,0,98
17776,陳彥霖,False,0,98
17777,林志明,False,0,98
17778,陳俊豪,False,0,98
17779,陳俊豪,False,0,98
17780,陳俊豪,False,0,98
17781,陳俊豪,False,0,98
17782,张秀英,False,1,98
17783,林志明,False,0,98
17784,陳淑娟,False,0,98
17785,陳淑娟,False,0,98
17786,陳俊豪,False,0,98
17787,李兰英,False,1,98
17788,张秀英,False,1,98
17789,陳彥霖,False,0,98
17790,陳淑娟,False,0,98
17791,李红霞,False,1,98
17792,陳淑貞,False,0,98
17793,张雅婷,True,-1,98
17794,陳彥霖,False,0,98
17795,李兰英,False,1,98
17796,陳俊豪,False,0,98
17797,陳淑貞,False,0,98
17798,陳彥霖,False,0,98
17799,陳淑娟,False,0,98
17800,陳俊豪,False,0,98
17801,张秀英,False,1,98
17802,陳俊豪,False,0,98
17803,张秀英,False,1,98
17804,陳淑娟,False,0,98
17805,陳宥蓁,False,0,98
17806,陳俊豪,False,0,98
17807,陳彥霖,False,0,98
17808,陳俊豪,False,0,98
17809,李凤英,False,1,98
17810,陳俊豪,False,0,98
17811,张秀英,False,1,98
17812,李红霞,False,1,98
17813,陳俊豪,False,0,98
17814,陳俊豪,False,0,98
17815,陳怡靜,False,0,98
17816,陳淑娟,False,0,98
17817,张秀英,False,1,98
17818,陳彥霖,False,0,98
17819,李红霞,False,1,98
17820,李海燕,False,1,99
17821,李建国,False,1,99
17822,李建国,False,1,99
17823,李建国,False,1,99
17824,李建国,False,1,99
17825,李海燕,False,1,99
17826,李海燕,False,1,99
17827,李秀英,False,1,99
17828,李建国,False,1,99
17829,李建国,False,1,99
17830,李海燕,False,1,99
17831,李建国,False,1,99
17832,李建国,False,1,99
17833,李海燕,False,1,99
17834,李海燕,False,1,99
17835,李建国,False,1,99
17836,李建国,False,1,99
17837,李秀英,False,1,99
17838,李秀英,False,1,99
17839,李秀英,False,1,99
17840,李秀英,False,1,99
17841,陳建良,False,0,99
17842,李建国,False,1,99
17843,李秀英,False,1,99
17844,李海燕,False,1,99
17845,李建国,False,1,99
17846,李建国,False,1,99
17847,李建国,False,1,99
17848,李建国,False,1,99
17849,李秀英,False,1,99
17850,李建国,False,1,99
17851,李建国,False,1,99
17852,李建国,False,1,99
17853,李海燕,False,1,99
17854,李海燕,False,1,99
17855,李海燕,False,1,99
17856,李红霞,False,1,99
17857,李海燕,False,1,99
17858,李建国,False,1,99
17859,李秀英,False,1,99
17860,李秀英,False,1,99
17861,李海燕,False,1,99
17862,李秀英,False,1,99
17863,李建国,False,1,99
17864,李桂香,False,1,99
17865,李建国,False,1,99
17866,李建国,False,1,99
17867,李建国,False,1,99
17868,李秀英,False,1,99
17869,李红霞,False,1,99
17870,王秀珍,False,1,99
17871,李海燕,False,1,99
17872,李建国,False,1,99
17873,李红霞,False,1,99
17874,李建国,False,1,99
17875,李建国,False,1,99
17876,王凤英,False,1,99
17877,陳正雄,False,0,99
17878,李建国,False,1,99
17879,李建国,False,1,99
17880,李秀英,False,1,99
17881,李建国,False,1,99
17882,李海燕,False,1,99
17883,李红霞,False,1,99
17884,李建国,False,1,99
17885,李建国,False,1,99
17886,李建国,False,1,99
17887,李建国,False,1,99
17888,李建国,False,1,99
17889,李建国,False,1,99
17890,李建国,False,1,99
17891,李建国,False,1,99
17892,李建国,False,1,99
17893,李建国,False,1,99
17894,李海燕,False,1,99
17895,李建国,False,1,99
17896,陳建良,False,0,99
17897,李建国,False,1,99
17898,李建国,False,1,99
17899,李秀英,False,1,99
17900,李秀英,False,1,99
17901,李建国,False,1,99
17902,李建国,False,1,99
17903,李建国,False,1,99
17904,陳建良,False,0,99
17905,李建国,False,1,99
17906,李海燕,False,1,99
17907,李建国,False,1,99
17908,李建国,False,1,99
17909,李建国,False,1,99
17910,李建国,False,1,99
17911,李建国,False,1,99
17912,李建国,False,1,99
17913,李建国,False,1,99
17914,李建国,False,1,99
17915,李秀英,False,1,99
17916,李建国,False,1,99
17917,李秀英,False,1,99
17918,李建国,False,1,99
17919,李建国,False,1,99
17920,陳建良,False,0,99
17921,李建国,False,1,99
17922,李建国,False,1,99
17923,李建国,False,1,99
17924,李海燕,False,1,99
17925,李建国,False,1,99
17926,李建国,False,1,99
17927,李建国,False,1,99
17928,李建国,False,1,99
17929,李建国,False,1,99
17930,李建国,False,1,99
17931,李建国,False,1,99
17932,李建国,False,1,99
17933,李红霞,False,1,99
17934,李建国,False,1,99
17935,陳建良,False,0,99
17936,李海燕,False,1,99
17937,李海燕,False,1,99
17938,李建国,False,1,99
17939,李海燕,False,1,99
17940,李建国,False,1,99
17941,李秀英,False,1,99
17942,李建国,False,1,99
17943,李建国,False,1,99
17944,李建国,False,1,99
17945,李海燕,False,1,99
17946,李建国,False,1,99
17947,李秀英,False,1,99
17948,李海燕,False,1,99
17949,陳建良,False,0,99
17950,李建国,False,1,99
17951,李建国,False,1,99
17952,李秀英,False,1,99
17953,李海燕,False,1,99
17954,李建国,False,1,99
17955,李秀英,False,1,99
17956,李海燕,False,1,99
17957,李建国,False,1,99
17958,李建国,False,1,99
17959,林彥廷,False,0,99
17960,李海燕,False,1,99
17961,李建国,False,1,99
17962,李海燕,False,1,99
17963,李秀英,False,1,99
17964,李建国,False,1,99
17965,李建国,False,1,99
17966,林彥廷,False,0,99
17967,李建国,False,1,99
17968,李秀英,False,1,99
17969,陳正雄,False,0,99
17970,陳建良,False,0,99
17971,李海燕,False,1,99
17972,陳建良,False,0,99
17973,陳俊銘,False,0,99
17974,李建国,False,1,99
17975,李建国,False,1,99
17976,陳正雄,False,0,99
17977,李建国,False,1,99
17978,王秀珍,False,1,99
17979,李建国,False,1,99
17980,李建国,False,1,99
17981,李海燕,False,1,99
17982,李建国,False,1,99
17983,李秀英,False,1,99
17984,陳建良,False,0,99
17985,李建国,False,1,99
17986,李秀英,False,1,99
17987,李建国,False,1,99
17988,李建国,False,1,99
17989,李红霞,False,1,99
17990,李秀英,False,1,99
17991,李建国,False,1,99
17992,李海燕,False,1,99
17993,李建国,False,1,99
17994,李红霞,False,1,99
17995,陳建良,False,0,99
17996,陳建良,False,0,99
17997,李海燕,False,1,99
17998,李建国,False,1,99
17999,李建国,False,1,99
